ODIndex	originLat	originLng	destinationLat	destinationLng	GoogleMile	GoogleMin	ArcGISMile	ArcGISMin	OSMMile	OSMMin
85001	35.469410	-80.854543	35.034677	-80.848159	36.6 mi	42 mins	35.572	40.3833333333	35.572	40.3833333333
85002	35.143644	-80.977105	35.343727	-80.703193	27.7 mi	29 mins	26.618	31.55	26.618	31.55
85003	35.414889	-80.906763	35.070142	-81.023758	32.6 mi	38 mins	34.168	43.7833333333	34.168	43.7833333333
85004	35.297655	-80.723964	35.096989	-81.032240	30.4 mi	37 mins	26.665	36.5666666667	26.665	36.5666666667
85005	35.095259	-80.837522	35.481451	-80.815722	36.1 mi	41 mins	36.205	41.6833333333	36.205	41.6833333333
85006	35.097090	-80.752376	35.449215	-80.891903	31.3 mi	44 mins	31.277	43.5333333333	31.277	43.5333333333
85007	35.472852	-80.866625	35.021159	-80.837923	36.9 mi	44 mins	38.542	44.7333333333	38.542	44.7333333333
85008	35.471885	-80.918498	35.116673	-80.786264	31.1 mi	41 mins	31.401	42.05	31.401	42.05
85009	35.445774	-80.866250	35.055051	-80.875137	30.9 mi	36 mins	30.314	34.2833333333	30.314	34.2833333333
85010	35.068626	-81.006616	35.323611	-80.707973	29.7 mi	38 mins	29.682	38.7833333333	29.682	38.7833333333
85011	35.433177	-80.860766	35.082300	-81.052519	35.0 mi	42 mins	33.761	44.7666666667	33.761	44.7666666667
85012	35.133003	-80.811421	35.486774	-80.824243	30.0 mi	40 mins	30.69	38.5166666667	30.69	38.5166666667
85013	35.175899	-80.714543	35.496990	-80.831939	30.8 mi	38 mins	30.894	36.1666666667	30.894	36.1666666667
85014	35.484892	-80.893242	35.051634	-80.810667	37.0 mi	41 mins	37.096	40.1166666667	37.096	40.1166666667
85015	35.094852	-80.783397	35.508993	-80.841446	32.9 mi	44 mins	32.911	39.5	32.911	39.5
85016	35.417591	-80.851664	35.426999	-80.847896	1.1 mi	4 mins	1.11	4.8	1.11	4.8
85017	35.073113	-80.732867	35.328079	-80.971119	32.0 mi	38 mins	32.051	39.75	32.051	39.75
85018	35.217884	-80.819990	35.209765	-80.812722	0.9 mi	4 mins	0.95	2.38333333333	0.95	2.38333333333
85019	35.391121	-80.875590	35.050944	-80.795724	34.5 mi	39 mins	34.015	39.1166666667	34.015	39.1166666667
85020	35.017783	-80.823639	35.405048	-80.836679	33.1 mi	41 mins	33.237	41.0333333333	33.237	41.0333333333
85021	35.083927	-80.745349	35.420822	-80.837907	28.0 mi	42 mins	28.055	39.1166666667	28.055	39.1166666667
85022	35.141499	-81.007598	35.481500	-80.852210	31.6 mi	35 mins	32.692	38.3166666667	32.692	38.3166666667
85023	35.434715	-80.859334	35.079011	-80.833768	32.7 mi	38 mins	30.789	36.9	30.789	36.9
85024	35.414668	-80.834602	35.067632	-80.727748	29.8 mi	43 mins	30.055	40.9	30.055	40.9
85025	35.493664	-80.875090	35.190493	-80.720966	27.6 mi	33 mins	27.607	32.9666666667	27.607	32.9666666667
85026	35.093447	-80.992613	35.410996	-80.761702	31.0 mi	38 mins	30.827	41.8166666667	30.827	41.8166666667
85027	35.145539	-80.654260	35.137200	-81.007427	29.2 mi	33 mins	30.582	38.4333333333	30.582	38.4333333333
85028	35.068626	-81.006616	35.446270	-80.900299	34.5 mi	39 mins	34.543	40.6333333333	34.543	40.6333333333
85029	35.103549	-80.720961	35.438226	-80.820433	35.7 mi	42 mins	32.192	41.0666666667	32.192	41.0666666667
85030	35.388958	-80.913270	35.183723	-80.597748	29.7 mi	38 mins	31.516	43.2833333333	31.516	43.2833333333
85031	35.092006	-80.988342	35.330773	-80.736751	28.1 mi	32 mins	24.915	31.25	24.915	31.25
85032	35.384480	-80.781126	35.080800	-80.990492	28.9 mi	34 mins	28.933	36.6666666667	28.933	36.6666666667
85033	35.183191	-80.624000	35.406752	-80.894637	30.9 mi	36 mins	28.937	36.4333333333	28.937	36.4333333333
85034	35.465729	-80.804755	35.084916	-80.838952	35.8 mi	41 mins	34.69	41.2833333333	34.69	41.2833333333
85035	35.054310	-80.869540	35.372774	-80.735289	30.5 mi	37 mins	30.325	34.9166666667	30.325	34.9166666667
85036	35.435901	-80.897181	35.066805	-80.725846	33.2 mi	45 mins	33.422	44.0	33.422	44.0
85037	35.127286	-81.026062	35.246987	-80.685485	31.2 mi	40 mins	29.958	47.0666666667	29.958	47.0666666667
85038	35.331506	-80.806161	35.350150	-80.816939	3.5 mi	7 mins	2.949	7.33333333333	2.949	7.33333333333
85039	35.042401	-80.845174	35.396596	-80.851782	30.9 mi	35 mins	30.921	34.7	30.921	34.7
85040	35.326673	-80.707341	35.085802	-80.995580	28.1 mi	36 mins	26.578	36.4666666667	26.578	36.4666666667
85041	35.058830	-80.793984	35.050094	-80.800328	1.8 mi	6 mins	2.566	6.61666666667	2.566	6.61666666667
85042	35.493118	-80.860503	35.165760	-80.676130	31.4 mi	41 mins	31.959	39.35	31.959	39.35
85043	35.088719	-81.001715	35.465129	-80.854133	33.4 mi	41 mins	33.277	42.7666666667	33.277	42.7666666667
85044	35.419658	-80.848473	35.020584	-80.827334	33.3 mi	40 mins	33.376	39.9166666667	33.376	39.9166666667
85045	35.117603	-80.706296	35.447405	-80.884635	30.8 mi	41 mins	28.588	34.0666666667	28.588	34.0666666667
85046	35.430229	-80.848534	35.089535	-80.912597	27.0 mi	32 mins	28.51	32.1166666667	28.51	32.1166666667
85047	35.356234	-80.774379	35.370942	-80.759532	3.4 mi	7 mins	3.365	9.23333333333	3.365	9.23333333333
85048	35.165377	-80.758004	35.503280	-80.844521	28.9 mi	35 mins	28.73	32.2	28.73	32.2
85049	35.338423	-80.774454	35.342574	-80.791404	4.2 mi	8 mins	4.59	9.33333333333	4.59	9.33333333333
85050	35.103959	-81.001343	35.109213	-80.996214	2.0 mi	7 mins	2.026	7.13333333333	2.026	7.13333333333
85051	35.051441	-80.840105	35.037621	-80.839314	2.3 mi	5 mins	1.999	5.7	1.999	5.7
85052	35.455082	-80.825695	35.114352	-80.662430	33.0 mi	37 mins	33.083	39.9833333333	33.083	39.9833333333
85053	35.137574	-80.701176	35.415388	-80.928590	27.3 mi	40 mins	29.845	40.1333333333	29.845	40.1333333333
85054	35.190523	-80.860164	35.169532	-80.862327	2.7 mi	7 mins	2.712	6.93333333333	2.712	6.93333333333
85055	35.163463	-80.995226	35.157468	-80.644354	28.9 mi	33 mins	28.892	34.1833333333	28.892	34.1833333333
85056	35.066044	-80.785486	35.469351	-80.866915	36.6 mi	43 mins	34.767	44.3166666667	34.767	44.3166666667
85057	35.339114	-80.832734	35.065119	-81.040762	28.8 mi	37 mins	29.655	39.55	29.655	39.55
85058	35.036489	-80.861576	35.470332	-80.878118	34.9 mi	43 mins	34.836	42.5166666667	34.836	42.5166666667
85059	35.159630	-80.985203	35.343859	-80.697949	27.3 mi	29 mins	26.118	32.0666666667	26.118	32.0666666667
85060	35.461316	-80.888657	35.092698	-80.802116	35.1 mi	41 mins	30.633	38.5666666667	30.633	38.5666666667
85061	35.136344	-80.683538	35.415569	-80.923274	28.3 mi	40 mins	30.613	37.2166666667	30.613	37.2166666667
85062	35.050195	-80.837627	35.042015	-80.848445	2.0 mi	6 mins	2.583	6.41666666667	2.583	6.41666666667
85063	35.435244	-80.879846	35.091561	-80.807195	34.2 mi	41 mins	30.266	40.2833333333	30.266	40.2833333333
85064	35.372221	-80.805418	35.019149	-80.833980	31.4 mi	36 mins	31.431	37.25	31.431	37.25
85065	35.473666	-80.885476	35.132727	-80.862646	29.1 mi	36 mins	29.677	35.1166666667	29.677	35.1166666667
85066	35.046358	-80.807467	35.498790	-80.861375	39.0 mi	44 mins	38.121	39.6833333333	38.121	39.6833333333
85067	35.228270	-80.632775	35.096058	-80.971300	32.3 mi	35 mins	28.177	36.3	28.177	36.3
85068	35.072127	-81.014080	35.503757	-80.854757	37.0 mi	41 mins	36.858	44.4833333333	36.858	44.4833333333
85069	35.093152	-80.776467	35.086177	-80.770542	0.8 mi	3 mins	0.797	2.05	0.797	2.05
85070	35.445774	-80.866250	35.068062	-80.839132	31.7 mi	34 mins	31.259	34.5833333333	31.259	34.5833333333
85071	35.197650	-80.592386	35.459738	-80.849045	33.4 mi	41 mins	32.658	44.4	32.658	44.4
85072	35.055904	-80.832224	35.469544	-80.853100	35.6 mi	40 mins	35.681	39.2833333333	35.681	39.2833333333
85073	35.167040	-80.607451	35.167205	-80.979180	30.8 mi	33 mins	31.134	36.0333333333	31.134	36.0333333333
85074	35.087927	-80.823456	35.441854	-80.902203	32.7 mi	38 mins	32.712	36.9	32.712	36.9
85075	35.115089	-80.726859	35.419026	-80.926833	29.4 mi	41 mins	31.509	40.25	31.509	40.25
85076	35.421428	-80.856943	35.111459	-80.995475	28.8 mi	34 mins	29.033	36.65	29.033	36.65
85077	35.069202	-81.021145	35.380428	-80.751135	33.7 mi	41 mins	32.459	45.9166666667	32.459	45.9166666667
85078	35.184970	-80.651673	35.475165	-80.828382	29.4 mi	34 mins	31.695	38.3666666667	31.695	38.3666666667
85079	35.023609	-80.817885	35.495754	-80.832849	41.1 mi	50 mins	41.218	48.2	41.218	48.2
85080	35.110962	-80.742777	35.450756	-80.819476	30.6 mi	39 mins	32.362	37.8166666667	32.362	37.8166666667
85081	35.044764	-80.862048	35.373240	-80.757813	36.7 mi	40 mins	33.11	41.5	33.11	41.5
85082	35.451096	-80.873721	35.121533	-80.970364	28.6 mi	32 mins	27.363	33.3833333333	27.363	33.3833333333
85083	35.384090	-80.909207	35.068217	-80.745823	38.6 mi	44 mins	29.041	45.2333333333	29.041	45.2333333333
85084	35.184734	-80.853736	35.184733	-80.861038	1.0 mi	4 mins	0.98	3.53333333333	0.98	3.53333333333
85085	35.324136	-80.784552	35.064756	-81.047753	30.2 mi	39 mins	29.543	42.5333333333	29.543	42.5333333333
85086	35.102316	-80.725778	35.469309	-80.834139	32.1 mi	42 mins	33.074	40.8833333333	33.074	40.8833333333
85087	35.155592	-80.988812	35.146939	-80.988257	0.8 mi	2 mins	0.846	2.41666666667	0.846	2.41666666667
85088	35.055859	-80.742660	35.412634	-80.904592	37.2 mi	42 mins	30.858	39.1833333333	30.858	39.1833333333
85089	35.459793	-80.878939	35.466113	-80.886660	1.2 mi	4 mins	1.237	4.28333333333	1.237	4.28333333333
85090	35.171471	-80.857806	35.184762	-80.852757	1.3 mi	3 mins	1.313	2.48333333333	1.313	2.48333333333
85091	35.176687	-80.602009	35.495469	-80.832073	32.8 mi	40 mins	35.173	44.8	35.173	44.8
85092	35.157678	-80.998131	35.161192	-80.979136	1.4 mi	4 mins	1.428	5.51666666667	1.428	5.51666666667
85093	35.426732	-80.874867	35.079144	-81.025046	31.8 mi	37 mins	32.047	39.65	32.047	39.65
85094	35.089334	-80.725318	35.497237	-80.852830	34.7 mi	45 mins	35.522	43.4333333333	35.522	43.4333333333
85095	35.056712	-80.854232	35.388465	-80.768679	31.4 mi	37 mins	31.085	38.4666666667	31.085	38.4666666667
85096	35.133282	-80.742675	35.494312	-80.833043	33.1 mi	43 mins	32.57	40.2166666667	32.57	40.2166666667
85097	35.486797	-80.907347	35.163470	-80.727125	28.9 mi	35 mins	28.973	36.65	28.973	36.65
85098	35.087773	-80.844124	35.470513	-80.854814	32.6 mi	37 mins	32.629	35.5333333333	32.629	35.5333333333
85099	35.431268	-80.815492	35.089204	-80.853469	31.8 mi	39 mins	31.486	37.9666666667	31.486	37.9666666667
85100	35.475863	-80.857694	35.121494	-80.845359	29.3 mi	38 mins	30.178	36.7333333333	30.178	36.7333333333
85101	35.398091	-80.885474	35.095255	-80.716093	29.0 mi	40 mins	29.146	40.3666666667	29.146	40.3666666667
85102	35.462775	-80.888695	35.105153	-80.807931	29.4 mi	40 mins	29.763	38.6833333333	29.763	38.6833333333
85103	35.118801	-80.668706	35.419157	-80.901922	30.7 mi	42 mins	30.763	41.0	30.763	41.0
85104	35.121324	-80.857101	35.125586	-80.836962	1.9 mi	5 mins	1.587	5.6	1.587	5.6
85105	35.492881	-80.899449	35.137519	-80.849052	29.5 mi	37 mins	29.515	37.1	29.515	37.1
85106	35.053174	-81.042436	35.456078	-80.889092	36.9 mi	45 mins	36.726	51.6166666667	36.726	51.6166666667
85107	35.168421	-80.759581	35.501290	-80.854202	28.1 mi	33 mins	28.117	31.75	28.117	31.75
85108	35.178503	-80.807880	35.170797	-80.817526	0.9 mi	4 mins	0.885	3.35	0.885	3.35
85109	35.495842	-80.911807	35.087277	-81.006576	35.2 mi	41 mins	35.214	44.6166666667	35.214	44.6166666667
85110	35.154338	-80.665451	35.103741	-81.001875	29.7 mi	36 mins	28.011	35.7166666667	28.011	35.7166666667
85111	35.081383	-80.821957	35.450616	-80.887581	32.5 mi	37 mins	32.525	36.0	32.525	36.0
85112	35.168703	-80.608340	35.245638	-81.004332	36.2 mi	37 mins	25.24	34.5333333333	25.24	34.5333333333
85113	35.105822	-80.979186	35.112657	-80.981139	0.9 mi	4 mins	0.957	4.05	0.957	4.05
85114	35.303580	-80.702483	35.093038	-81.044015	32.4 mi	41 mins	28.662	40.35	28.662	40.35
85115	35.373568	-80.750765	35.088719	-81.001715	32.2 mi	41 mins	31.868	44.55	31.868	44.55
85116	35.249407	-80.853683	35.247807	-80.840295	1.1 mi	3 mins	1.054	3.38333333333	1.054	3.38333333333
85117	35.328951	-80.941882	35.200880	-80.594030	34.5 mi	39 mins	26.194	36.55	26.194	36.55
85118	35.478442	-80.858337	35.045462	-80.843457	35.9 mi	41 mins	35.931	38.9333333333	35.931	38.9333333333
85119	35.078417	-80.826770	35.442336	-80.896798	32.0 mi	38 mins	32.127	36.6333333333	32.127	36.6333333333
85120	35.486516	-80.870916	35.093591	-80.736746	32.2 mi	41 mins	32.421	39.8	32.421	39.8
85121	35.495842	-80.911807	35.149820	-80.969485	30.1 mi	33 mins	30.158	36.8	30.158	36.8
85122	35.200803	-80.597791	35.123128	-80.990848	33.9 mi	41 mins	38.395	46.6666666667	38.395	46.6666666667
85123	35.099515	-80.989005	35.385954	-80.795288	28.2 mi	33 mins	27.627	33.8333333333	27.627	33.8333333333
85124	35.440780	-80.844524	35.120787	-80.960158	29.9 mi	31 mins	25.976	30.9	25.976	30.9
85125	35.410484	-80.863791	35.067384	-81.003141	30.2 mi	34 mins	30.24	35.4166666667	30.24	35.4166666667
85126	35.117528	-80.746908	35.452471	-80.851231	29.7 mi	41 mins	30.791	39.5	30.791	39.5
85127	35.119552	-80.683088	35.507253	-80.852958	33.3 mi	42 mins	33.302	38.95	33.302	38.95
85128	35.092479	-80.849539	35.429797	-80.827870	29.5 mi	38 mins	31.056	38.15	31.056	38.15
85129	35.167040	-80.607451	35.154219	-80.979898	30.9 mi	33 mins	30.835	35.2333333333	30.835	35.2333333333
85130	35.104853	-80.860306	35.452205	-80.892232	31.3 mi	36 mins	29.198	35.0833333333	29.198	35.0833333333
85131	35.346887	-80.782352	35.099824	-81.033877	32.7 mi	38 mins	30.25	39.1833333333	30.25	39.1833333333
85132	35.233121	-80.715903	35.058774	-81.039285	29.5 mi	42 mins	28.592	47.7333333333	28.592	47.7333333333
85133	35.248495	-80.737249	35.251634	-80.718417	2.0 mi	3 mins	2.046	4.23333333333	2.046	4.23333333333
85134	35.157196	-80.683370	35.146729	-80.685976	1.2 mi	3 mins	1.173	3.43333333333	1.173	3.43333333333
85135	35.264162	-80.988462	35.200169	-80.652866	24.0 mi	33 mins	25.358	33.7	25.358	33.7
85136	35.502036	-80.861234	35.070734	-81.033920	36.9 mi	41 mins	37.594	43.2	37.594	43.2
85137	35.418243	-80.881124	35.090357	-80.705487	30.0 mi	43 mins	31.376	41.85	31.376	41.85
85138	35.413537	-80.832158	35.048352	-80.797041	34.3 mi	42 mins	34.158	41.4333333333	34.158	41.4333333333
85139	35.479005	-80.813293	35.115672	-80.693131	36.2 mi	42 mins	33.817	42.75	33.817	42.75
85140	35.476350	-80.909482	35.106549	-80.764699	33.7 mi	43 mins	33.016	43.4333333333	33.016	43.4333333333
85141	35.485630	-80.863680	35.125227	-80.893170	27.1 mi	31 mins	27.112	30.5166666667	27.112	30.5166666667
85142	35.147840	-80.886822	35.491651	-80.898203	27.8 mi	35 mins	28.016	34.1666666667	28.016	34.1666666667
85143	35.189307	-80.663739	35.103820	-80.992853	31.1 mi	38 mins	26.111	37.2666666667	26.111	37.2666666667
85144	35.476601	-80.856713	35.106425	-80.787363	29.7 mi	42 mins	30.983	38.7333333333	30.983	38.7333333333
85145	35.083774	-80.775890	35.431659	-80.879548	27.9 mi	41 mins	27.91	37.8666666667	27.91	37.8666666667
85146	35.049215	-80.832160	35.501702	-80.854685	37.5 mi	42 mins	37.402	41.2833333333	37.402	41.2833333333
85147	35.144409	-80.745855	35.493984	-80.853135	29.5 mi	37 mins	29.558	34.4166666667	29.558	34.4166666667
85148	35.498095	-80.887345	35.113129	-80.860585	30.5 mi	38 mins	30.52	38.0333333333	30.52	38.0333333333
85149	35.418498	-80.866625	35.082479	-81.031303	31.1 mi	37 mins	33.752	43.6	33.752	43.6
85150	35.457726	-80.899961	35.097367	-80.857212	33.5 mi	40 mins	34.559	40.3666666667	34.559	40.3666666667
85151	35.115620	-80.746539	35.491954	-80.850577	32.7 mi	44 mins	33.588	41.1666666667	33.588	41.1666666667
85152	35.201102	-80.579303	35.099608	-81.001061	33.8 mi	39 mins	33.619	41.4333333333	33.619	41.4333333333
85153	35.143773	-80.828281	35.481597	-80.851411	26.9 mi	37 mins	26.94	32.6333333333	26.94	32.6333333333
85154	35.053495	-80.876439	35.425607	-80.798954	32.4 mi	40 mins	31.742	39.2166666667	31.742	39.2166666667
85155	35.237809	-80.746511	35.242411	-80.744589	0.6 mi	1 min	0.563	1.93333333333	0.563	1.93333333333
85156	35.434619	-80.824944	35.086341	-80.706966	37.5 mi	45 mins	33.124	43.6666666667	33.124	43.6666666667
85157	35.135286	-80.662128	35.375820	-80.921516	27.0 mi	40 mins	27.383	39.1166666667	27.383	39.1166666667
85158	35.375334	-80.765136	35.374885	-80.746898	2.5 mi	7 mins	2.556	8.11666666667	2.556	8.11666666667
85159	35.168685	-80.795406	35.160720	-80.776758	1.5 mi	3 mins	1.489	3.23333333333	1.489	3.23333333333
85160	35.142482	-80.654136	35.428609	-80.855607	29.4 mi	41 mins	29.629	40.25	29.629	40.25
85161	35.090692	-80.708617	35.479257	-80.814605	38.9 mi	45 mins	38.085	47.6	38.085	47.6
85162	35.119910	-80.667018	35.462587	-80.835352	35.1 mi	41 mins	35.217	44.45	35.217	44.45
85163	35.164517	-80.614189	35.216466	-80.971979	33.8 mi	35 mins	24.729	37.6166666667	24.729	37.6166666667
85164	35.429652	-80.911772	35.137593	-80.662509	31.9 mi	40 mins	32.692	38.9	32.692	38.9
85165	35.078314	-80.720175	35.425180	-80.799359	35.4 mi	41 mins	33.81	45.5666666667	33.81	45.5666666667
85166	35.433591	-80.813318	35.149444	-80.996657	28.1 mi	33 mins	27.947	36.3166666667	27.947	36.3166666667
85167	35.174290	-80.663134	35.143130	-81.028444	33.4 mi	38 mins	34.651	43.4666666667	34.651	43.4666666667
85168	35.371148	-80.740681	35.039749	-80.853104	36.3 mi	38 mins	32.922	37.5166666667	32.922	37.5166666667
85169	35.132089	-80.696613	35.502358	-80.861236	32.6 mi	39 mins	32.625	37.0666666667	32.625	37.0666666667
85170	35.382597	-80.906020	35.019533	-80.857430	34.7 mi	40 mins	30.945	39.0666666667	30.945	39.0666666667
85171	35.084216	-80.808953	35.448194	-80.885606	35.3 mi	41 mins	30.316	38.0166666667	30.316	38.0166666667
85172	35.068155	-80.790381	35.410575	-80.833928	32.8 mi	39 mins	28.701	38.1333333333	28.701	38.1333333333
85173	35.478768	-80.908917	35.069921	-80.880741	34.2 mi	40 mins	34.049	39.9166666667	34.049	39.9166666667
85174	35.189040	-80.640011	35.477977	-80.815038	28.2 mi	33 mins	30.407	36.1	30.407	36.1
85175	35.421187	-80.881440	35.048288	-81.033987	33.5 mi	41 mins	33.683	50.6666666667	33.683	50.6666666667
85176	35.466563	-80.923932	35.022286	-80.837758	39.7 mi	46 mins	39.79	48.9833333333	39.79	48.9833333333
85177	35.324470	-80.959715	35.091287	-80.695993	24.3 mi	35 mins	25.458	32.95	25.458	32.95
85178	35.153864	-80.973000	35.163464	-80.625166	26.5 mi	29 mins	27.575	29.3666666667	27.575	29.3666666667
85179	35.220579	-80.863584	35.209982	-80.871235	1.1 mi	4 mins	1.13	4.4	1.13	4.4
85180	35.472835	-80.936081	35.035307	-80.865712	40.1 mi	48 mins	38.78	50.4	38.78	50.4
85181	35.047035	-80.821431	35.391693	-80.876831	33.6 mi	37 mins	32.905	35.6666666667	32.905	35.6666666667
85182	35.400542	-80.889375	35.071170	-81.003207	28.2 mi	36 mins	31.742	38.3833333333	31.742	38.3833333333
85183	35.416654	-80.831300	35.418329	-80.840343	0.6 mi	2 mins	0.613	1.93333333333	0.613	1.93333333333
85184	35.054878	-80.882895	35.480395	-80.856458	34.6 mi	40 mins	34.562	38.8	34.562	38.8
85185	35.076735	-80.734496	35.084066	-80.724195	1.0 mi	3 mins	1.041	3.3	1.041	3.3
85186	35.477179	-80.897324	35.053311	-81.040124	37.7 mi	44 mins	37.776	51.6333333333	37.776	51.6333333333
85187	35.226314	-80.803240	35.213992	-80.800310	1.1 mi	4 mins	1.071	4.05	1.071	4.05
85188	35.478590	-80.904682	35.109343	-80.821276	33.1 mi	43 mins	31.521	43.35	31.521	43.35
85189	35.178627	-80.670755	35.145305	-81.028524	33.9 mi	40 mins	27.506	42.3833333333	27.506	42.3833333333
85190	35.208973	-80.858662	35.211855	-80.863388	0.4 mi	2 mins	0.4	1.6	0.4	1.6
85191	35.185026	-80.802686	35.171911	-80.788033	2.1 mi	6 mins	2.112	5.76666666667	2.112	5.76666666667
85192	35.475863	-80.857694	35.089837	-80.914176	30.5 mi	36 mins	32.543	34.95	32.543	34.95
85193	35.378431	-80.754024	35.058508	-80.879875	31.7 mi	40 mins	31.584	38.75	31.584	38.75
85194	35.459484	-80.882197	35.153684	-80.718359	28.4 mi	36 mins	28.602	37.1333333333	28.602	37.1333333333
85195	35.247689	-80.752499	35.226631	-80.747266	2.2 mi	4 mins	2.213	4.26666666667	2.213	4.26666666667
85196	35.217486	-80.854782	35.232413	-80.870960	1.8 mi	4 mins	1.821	3.71666666667	1.821	3.71666666667
85197	35.207717	-80.824257	35.207248	-80.830396	0.5 mi	1 min	0.482	1.58333333333	0.482	1.58333333333
85198	35.072127	-81.014080	35.468860	-80.786013	38.4 mi	46 mins	38.228	51.2	38.228	51.2
85199	35.076692	-80.991891	35.407651	-80.810259	31.6 mi	39 mins	33.495	43.05	33.495	43.05
85200	35.118346	-80.961712	35.464660	-80.801028	35.1 mi	40 mins	32.039	40.05	32.039	40.05
85201	35.433378	-80.857235	35.085822	-80.746337	30.7 mi	45 mins	29.41	43.9	29.41	43.9
85202	35.142469	-80.956364	35.494113	-80.833292	34.0 mi	37 mins	33.168	37.4666666667	33.168	37.4666666667
85203	35.047909	-80.808255	35.424402	-80.855582	32.0 mi	35 mins	32.013	34.5666666667	32.013	34.5666666667
85204	35.157135	-80.888956	35.501137	-80.846045	26.9 mi	32 mins	26.717	28.3833333333	26.717	28.3833333333
85205	35.028705	-80.811876	35.506577	-80.851025	40.5 mi	46 mins	40.535	44.7	40.535	44.7
85206	35.494120	-80.885133	35.143065	-80.944595	30.9 mi	34 mins	30.896	37.6666666667	30.896	37.6666666667
85207	35.168399	-80.672997	35.474899	-80.829275	30.9 mi	38 mins	33.225	41.35	33.225	41.35
85208	35.467958	-80.917531	35.118855	-80.941848	32.1 mi	36 mins	32.129	40.3166666667	32.129	40.3166666667
85209	35.118197	-80.822827	35.496450	-80.839685	31.2 mi	43 mins	31.333	38.0333333333	31.333	38.0333333333
85210	35.105216	-80.994118	35.468233	-80.933538	35.6 mi	40 mins	35.419	45.95	35.419	45.95
85211	35.312532	-80.973311	35.075808	-80.731760	29.5 mi	33 mins	29.546	35.3	29.546	35.3
85212	35.064026	-81.047780	35.250561	-80.665332	41.3 mi	49 mins	41.936	53.5	41.936	53.5
85213	35.151011	-80.660256	35.469314	-80.883246	33.0 mi	45 mins	33.024	42.45	33.024	42.45
85214	35.080607	-80.784761	35.428531	-80.854162	27.8 mi	40 mins	27.656	37.15	27.656	37.15
85215	35.326816	-80.948332	35.188024	-80.619422	24.5 mi	37 mins	24.107	32.0166666667	24.107	32.0166666667
85216	35.433891	-80.912718	35.095514	-80.713789	32.3 mi	43 mins	32.535	42.4333333333	32.535	42.4333333333
85217	35.067298	-80.826076	35.423317	-80.903242	33.2 mi	41 mins	33.196	40.5666666667	33.196	40.5666666667
85218	35.404073	-80.904639	35.068515	-80.830739	32.0 mi	37 mins	32.041	37.4	32.041	37.4
85219	35.079814	-80.827020	35.446360	-80.903771	32.4 mi	38 mins	32.552	37.8	32.552	37.8
85220	35.097371	-80.999626	35.172421	-80.668337	29.3 mi	38 mins	29.374	35.7166666667	29.374	35.7166666667
85221	35.491763	-80.878134	35.168581	-80.667294	31.7 mi	40 mins	31.77	37.7833333333	31.77	37.7833333333
85222	35.266946	-80.890378	35.255420	-80.880599	1.6 mi	4 mins	1.575	5.6	1.575	5.6
85223	35.076853	-80.842100	35.485553	-80.850111	35.2 mi	39 mins	33.88	37.9833333333	33.88	37.9833333333
85224	35.447403	-80.819106	35.070477	-80.760876	39.2 mi	45 mins	31.387	42.6833333333	31.387	42.6833333333
85225	35.044755	-80.814865	35.502896	-80.885610	38.5 mi	44 mins	38.479	45.0333333333	38.479	45.0333333333
85226	35.437626	-80.852621	35.038820	-80.860845	34.5 mi	40 mins	34.146	38.5833333333	34.146	38.5833333333
85227	35.066506	-81.031555	35.293124	-80.731791	29.7 mi	38 mins	27.819	39.2333333333	27.819	39.2333333333
85228	35.425353	-80.877610	35.201891	-80.624612	27.1 mi	37 mins	30.126	38.9166666667	30.126	38.9166666667
85229	35.193630	-80.727782	35.182286	-80.717589	1.9 mi	5 mins	1.938	5.13333333333	1.938	5.13333333333
85230	35.446592	-80.858094	35.066194	-80.769876	36.6 mi	39 mins	30.477	40.2666666667	30.477	40.2666666667
85231	35.119317	-80.807857	35.102906	-80.794257	1.7 mi	5 mins	2.439	5.61666666667	2.439	5.61666666667
85232	35.279509	-80.935292	35.263738	-80.945889	1.5 mi	4 mins	1.738	4.35	1.738	4.35
85233	35.043932	-80.844961	35.382687	-80.789970	30.4 mi	35 mins	30.38	36.2166666667	30.38	36.2166666667
85234	35.352218	-80.795139	35.086715	-81.031259	30.0 mi	35 mins	30.001	36.8	30.001	36.8
85235	35.138903	-80.899842	35.505915	-80.855698	28.3 mi	33 mins	28.42	32.8333333333	28.42	32.8333333333
85236	35.056610	-80.865302	35.497702	-80.840020	38.4 mi	45 mins	37.169	41.65	37.169	41.65
85237	35.116849	-80.955949	35.473172	-80.802962	36.5 mi	40 mins	31.912	40.1333333333	31.912	40.1333333333
85238	35.106238	-80.809910	35.446376	-80.905061	27.9 mi	39 mins	27.911	38.8166666667	27.911	38.8166666667
85239	35.158323	-80.644375	35.132308	-81.010820	30.5 mi	34 mins	31.751	36.6333333333	31.751	36.6333333333
85240	35.040154	-80.859862	35.401042	-80.778801	33.7 mi	42 mins	33.915	48.4333333333	33.915	48.4333333333
85241	35.332935	-80.935495	35.345001	-80.926789	1.8 mi	5 mins	1.969	5.53333333333	1.969	5.53333333333
85242	35.275438	-80.681174	35.066921	-81.048668	34.0 mi	45 mins	34.074	48.25	34.074	48.25
85243	35.430021	-80.813796	35.054305	-80.745887	40.2 mi	50 mins	34.181	51.2166666667	34.181	51.2166666667
85244	35.261761	-80.957241	35.273722	-80.966395	2.0 mi	5 mins	4.98	9.4	4.98	9.4
85245	35.136275	-80.753161	35.490109	-80.864050	29.6 mi	37 mins	30.097	36.5166666667	30.097	36.5166666667
85246	35.396884	-80.877667	35.044463	-80.858836	31.3 mi	36 mins	30.445	35.0833333333	30.445	35.0833333333
85247	35.051250	-80.809416	35.474524	-80.827204	37.4 mi	42 mins	37.416	42.9333333333	37.416	42.9333333333
85248	35.215444	-80.607487	35.336825	-80.973230	26.9 mi	38 mins	26.538	33.9666666667	26.538	33.9666666667
85249	35.242970	-80.740036	35.231678	-80.751882	2.1 mi	5 mins	2.13	4.65	2.13	4.65
85250	35.072157	-80.823592	35.442052	-80.892136	34.7 mi	38 mins	34.696	37.8	34.696	37.8
85251	35.196874	-80.637754	35.307629	-80.958156	31.5 mi	35 mins	26.844	36.9666666667	26.844	36.9666666667
85252	35.476401	-80.909526	35.073667	-80.750989	41.4 mi	45 mins	34.332	45.9	34.332	45.9
85253	35.210920	-80.682481	35.427653	-80.941658	29.8 mi	37 mins	29.837	33.7666666667	29.837	33.7666666667
85254	35.103804	-80.864324	35.470937	-80.861788	32.1 mi	38 mins	32.1	39.2	32.1	39.2
85255	35.254475	-80.942694	35.253137	-80.955527	2.4 mi	5 mins	2.385	5.8	2.385	5.8
85256	35.472524	-80.916765	35.048352	-80.797041	40.7 mi	48 mins	40.766	50.1166666667	40.766	50.1166666667
85257	35.121710	-81.026457	35.463394	-80.802600	35.0 mi	40 mins	35.561	46.35	35.561	46.35
85258	35.210850	-80.827620	35.226309	-80.824469	1.7 mi	4 mins	1.716	4.1	1.716	4.1
85259	35.439482	-80.877426	35.078304	-80.779839	29.7 mi	42 mins	30.016	39.8166666667	30.016	39.8166666667
85260	35.120728	-80.830392	35.503155	-80.869260	29.1 mi	38 mins	29.102	34.5833333333	29.102	34.5833333333
85261	35.345443	-80.950240	35.019031	-80.832229	27.3 mi	32 mins	27.377	33.5833333333	27.377	33.5833333333
85262	35.465123	-80.847334	35.020506	-80.823724	37.8 mi	44 mins	36.705	43.6	36.705	43.6
85263	35.476601	-80.856713	35.124012	-80.680471	32.0 mi	41 mins	32.939	38.3333333333	32.939	38.3333333333
85264	35.293615	-80.876688	35.289754	-80.885086	2.7 mi	6 mins	2.689	7.3	2.689	7.3
85265	35.155714	-80.980753	35.506029	-80.848412	31.0 mi	33 mins	30.737	34.0333333333	30.737	34.0333333333
85266	35.052185	-80.803795	35.413004	-80.903352	34.2 mi	40 mins	33.942	38.1	33.942	38.1
85267	35.095768	-80.728316	35.451340	-80.773262	36.4 mi	42 mins	35.505	47.6166666667	35.505	47.6166666667
85268	35.492942	-80.833004	35.134482	-80.937304	33.5 mi	36 mins	30.736	34.5833333333	30.736	34.5833333333
85269	35.132548	-80.810756	35.119679	-80.824553	1.6 mi	4 mins	1.626	4.58333333333	1.626	4.58333333333
85270	35.454961	-80.782766	35.144447	-80.975323	31.1 mi	35 mins	30.297	38.3666666667	30.297	38.3666666667
85271	35.229693	-80.606523	35.399216	-80.916350	30.9 mi	38 mins	29.009	38.4166666667	29.009	38.4166666667
85272	35.105216	-80.991326	35.202008	-80.595555	32.4 mi	39 mins	34.956	41.2333333333	34.956	41.2333333333
85273	35.026823	-80.831838	35.425051	-80.793030	35.5 mi	42 mins	35.573	44.0833333333	35.573	44.0833333333
85274	35.054991	-80.862526	35.052218	-80.851275	1.1 mi	4 mins	1.093	2.83333333333	1.093	2.83333333333
85275	35.135469	-80.853297	35.144269	-80.862535	1.8 mi	5 mins	1.784	4.85	1.784	4.85
85276	35.484649	-80.881801	35.039829	-80.796661	38.5 mi	43 mins	38.656	42.85	38.656	42.85
85277	35.225337	-80.631928	35.500262	-80.851993	29.3 mi	38 mins	31.643	38.0666666667	31.643	38.0666666667
85278	35.479397	-80.879562	35.132160	-80.789285	27.4 mi	36 mins	27.841	33.95	27.841	33.95
85279	35.344048	-80.818336	35.331856	-80.813895	2.0 mi	6 mins	2.789	6.71666666667	2.789	6.71666666667
85280	35.172187	-80.823161	35.183534	-80.839878	1.4 mi	4 mins	2.636	4.88333333333	2.636	4.88333333333
85281	35.196905	-80.574578	35.147972	-80.996525	33.7 mi	36 mins	33.726	41.35	33.726	41.35
85282	35.088676	-81.014680	35.434720	-80.896617	32.8 mi	38 mins	33.087	39.1666666667	33.087	39.1666666667
85283	35.056973	-80.751368	35.491008	-80.824889	43.3 mi	49 mins	37.334	46.8	37.334	46.8
85284	35.058932	-80.797205	35.388982	-80.914631	34.1 mi	40 mins	32.461	40.8666666667	32.461	40.8666666667
85285	35.203684	-80.555236	35.474782	-80.803231	32.9 mi	42 mins	34.629	50.2	34.629	50.2
85286	35.175277	-80.775217	35.158628	-80.785903	1.9 mi	6 mins	2.134	5.73333333333	2.134	5.73333333333
85287	35.383098	-80.919348	35.031043	-80.821525	32.7 mi	39 mins	30.916	38.2166666667	30.916	38.2166666667
85288	35.191771	-80.618921	35.080988	-80.988836	31.6 mi	35 mins	32.165	37.0	32.165	37.0
85289	35.041808	-80.846550	35.419593	-80.907586	33.3 mi	38 mins	33.284	38.1166666667	33.284	38.1166666667
85290	35.036171	-80.811069	35.466044	-80.856574	37.3 mi	44 mins	38.646	43.8833333333	38.646	43.8833333333
85291	35.156333	-80.663360	35.422111	-80.874400	28.8 mi	40 mins	28.813	36.9333333333	28.813	36.9333333333
85292	35.093064	-81.042288	35.317664	-80.745201	28.6 mi	38 mins	27.001	36.15	27.001	36.15
85293	35.094631	-80.734435	35.463072	-80.880597	31.4 mi	41 mins	32.363	40.4166666667	32.363	40.4166666667
85294	35.379597	-80.919111	35.042371	-80.809442	32.5 mi	37 mins	30.755	37.3833333333	30.755	37.3833333333
85295	35.244168	-80.863535	35.233549	-80.869962	1.5 mi	5 mins	2	4.7	2	4.7
85296	35.041322	-80.786833	35.430291	-80.854720	36.3 mi	43 mins	30.602	42.5833333333	30.602	42.5833333333
85297	35.217375	-80.676936	35.228785	-80.683379	2.2 mi	6 mins	1.854	5.55	1.854	5.55
85298	35.125794	-80.857220	35.469927	-80.790134	32.1 mi	43 mins	32.202	42.0833333333	32.202	42.0833333333
85299	35.433422	-80.935987	35.068496	-80.763070	40.1 mi	45 mins	34.239	44.4166666667	34.239	44.4166666667
85300	35.464760	-80.861041	35.454087	-80.879124	2.8 mi	7 mins	4.162	8.73333333333	4.162	8.73333333333
85301	35.150100	-80.970458	35.481451	-80.815722	31.7 mi	34 mins	31.625	36.5833333333	31.625	36.5833333333
85302	35.021839	-80.853988	35.364526	-80.744345	35.9 mi	37 mins	34.411	39.3666666667	34.411	39.3666666667
85303	35.081885	-80.870491	35.446360	-80.903771	30.0 mi	34 mins	30.056	33.7166666667	30.056	33.7166666667
85304	35.101189	-80.864595	35.497689	-80.833705	35.4 mi	41 mins	35.478	40.05	35.478	40.05
85305	35.219287	-80.625197	35.315002	-80.980488	25.1 mi	39 mins	25.579	34.1833333333	25.579	34.1833333333
85306	35.498106	-80.861581	35.092836	-80.902895	31.9 mi	35 mins	31.956	35.4666666667	31.956	35.4666666667
85307	35.107676	-80.982462	35.481906	-80.817855	34.8 mi	39 mins	34.672	40.6	34.672	40.6
85308	35.474375	-80.889111	35.194335	-80.661027	31.3 mi	37 mins	31.368	36.5666666667	31.368	36.5666666667
85309	35.485852	-80.897161	35.160121	-80.992013	29.8 mi	32 mins	29.809	36.15	29.809	36.15
85310	35.049918	-80.847592	35.507522	-80.850913	36.9 mi	40 mins	36.81	39.3333333333	36.81	39.3333333333
85311	35.178206	-80.791963	35.184272	-80.796696	0.9 mi	3 mins	0.879	3.28333333333	0.879	3.28333333333
85312	35.049422	-80.791825	35.429868	-80.897656	37.7 mi	44 mins	37.648	42.8833333333	37.648	42.8833333333
85313	35.491192	-80.859339	35.168625	-80.715096	29.5 mi	37 mins	29.884	35.9166666667	29.884	35.9166666667
85314	35.246097	-80.643454	35.158951	-80.998032	35.5 mi	37 mins	31.95	40.9	31.95	40.9
85315	35.244453	-80.785262	35.243395	-80.773119	1.4 mi	4 mins	1.331	4.0	1.331	4.0
85316	35.130789	-80.756916	35.121041	-80.772044	1.9 mi	5 mins	1.951	6.8	1.951	6.8
85317	35.037477	-80.773420	35.428328	-80.875756	36.3 mi	41 mins	30.574	40.4666666667	30.574	40.4666666667
85318	35.182200	-80.610142	35.450952	-80.867016	32.4 mi	38 mins	30.397	36.8666666667	30.397	36.8666666667
85319	35.137235	-80.832802	35.469315	-80.929397	29.7 mi	40 mins	29.723	40.5166666667	29.723	40.5166666667
85320	35.107395	-80.959304	35.469314	-80.883246	32.0 mi	37 mins	32.045	36.8833333333	32.045	36.8833333333
85321	35.343107	-80.815968	35.334164	-80.803661	2.2 mi	7 mins	2.174	6.41666666667	2.174	6.41666666667
85322	35.354361	-80.875351	35.351254	-80.879663	0.4 mi	2 mins	0.432	1.15	0.432	1.15
85323	35.288975	-80.854373	35.307514	-80.866032	1.8 mi	4 mins	1.851	4.03333333333	1.851	4.03333333333
85324	35.044706	-80.770720	35.506572	-80.847257	41.2 mi	45 mins	35.488	42.9166666667	35.488	42.9166666667
85325	35.470513	-80.854814	35.085364	-80.742388	33.2 mi	48 mins	32.475	46.8666666667	32.475	46.8666666667
85326	35.025248	-80.839194	35.506722	-80.850570	38.8 mi	43 mins	38.891	42.9333333333	38.891	42.9333333333
85327	35.085414	-80.870933	35.096900	-80.864614	1.2 mi	5 mins	1.163	3.86666666667	1.163	3.86666666667
85328	35.240191	-80.788401	35.231618	-80.795015	0.9 mi	4 mins	0.886	3.35	0.886	3.35
85329	35.127992	-80.893284	35.470937	-80.861788	26.0 mi	30 mins	28.752	31.8166666667	28.752	31.8166666667
85330	35.243093	-80.747546	35.225895	-80.756019	2.1 mi	6 mins	2.13	6.55	2.13	6.55
85331	35.045513	-80.820704	35.474375	-80.889111	37.9 mi	43 mins	37.899	40.85	37.899	40.85
85332	35.414515	-80.878914	35.068885	-80.857006	30.4 mi	37 mins	30.41	37.8666666667	30.41	37.8666666667
85333	35.090288	-80.965704	35.446461	-80.883633	33.4 mi	42 mins	31.186	37.8666666667	31.186	37.8666666667
85334	35.484065	-80.862179	35.138022	-80.760681	29.9 mi	37 mins	30.157	36.1	30.157	36.1
85335	35.087495	-80.868107	35.480862	-80.852209	31.9 mi	36 mins	31.981	34.6833333333	31.981	34.6833333333
85336	35.427251	-80.931856	35.023678	-80.838564	37.3 mi	43 mins	37.33	41.8	37.33	41.8
85337	35.091780	-80.713638	35.407466	-80.903926	30.1 mi	42 mins	31.004	40.9666666667	31.004	40.9666666667
85338	35.103286	-80.810266	35.477080	-80.881886	30.4 mi	41 mins	35.732	40.8166666667	35.732	40.8166666667
85339	35.057451	-80.752309	35.498066	-80.860044	41.1 mi	45 mins	35.005	42.8833333333	35.005	42.8833333333
85340	35.162879	-80.676791	35.147145	-80.683024	1.7 mi	4 mins	1.663	3.76666666667	1.663	3.76666666667
85341	35.109793	-80.723317	35.465376	-80.939458	34.6 mi	47 mins	35.603	48.4833333333	35.603	48.4833333333
85342	35.083204	-80.850715	35.449412	-80.879919	32.1 mi	39 mins	30.661	35.1666666667	30.661	35.1666666667
85343	35.083593	-80.979911	35.204719	-80.596351	34.9 mi	40 mins	33.167	44.1666666667	33.167	44.1666666667
85344	35.474812	-80.859681	35.121508	-80.758722	30.1 mi	39 mins	31.662	40.1833333333	31.662	40.1833333333
85345	35.262999	-80.854718	35.249960	-80.865777	1.9 mi	4 mins	1.863	5.18333333333	1.863	5.18333333333
85346	35.100903	-80.728141	35.503080	-80.898447	33.7 mi	45 mins	34.634	45.2333333333	34.634	45.2333333333
85347	35.123872	-80.679333	35.477561	-80.881670	31.7 mi	39 mins	31.694	36.9666666667	31.694	36.9666666667
85348	35.115080	-80.957855	35.447061	-80.776452	35.0 mi	38 mins	31.496	35.9166666667	31.496	35.9166666667
85349	35.093075	-80.814100	35.428588	-80.881261	31.6 mi	39 mins	31.757	38.7833333333	31.757	38.7833333333
85350	35.150332	-80.667115	35.087277	-81.006576	29.3 mi	36 mins	29.263	39.4666666667	29.263	39.4666666667
85351	35.475476	-80.891485	35.474335	-80.888074	0.2 mi	1 min	0.221	0.666666666667	0.221	0.666666666667
85352	35.474314	-80.932431	35.134798	-80.781063	30.4 mi	41 mins	30.742	42.5666666667	30.742	42.5666666667
85353	35.083927	-80.745349	35.442461	-80.895845	30.4 mi	43 mins	30.527	41.6833333333	30.527	41.6833333333
85354	35.120510	-81.031539	35.349120	-80.704607	32.1 mi	38 mins	32.566	45.8	32.566	45.8
85355	35.028128	-80.858709	35.030677	-80.837980	1.9 mi	5 mins	1.89	5.26666666667	1.89	5.26666666667
85356	35.415250	-80.834650	35.092300	-80.982781	29.0 mi	35 mins	29.273	36.7	29.273	36.7
85357	35.117603	-80.706296	35.404073	-80.904639	28.1 mi	37 mins	28.14	34.4666666667	28.14	34.4666666667
85358	35.414515	-80.878914	35.074180	-81.052554	32.9 mi	41 mins	33.7	45.7333333333	33.7	45.7333333333
85359	35.496118	-80.885507	35.106236	-80.979609	32.9 mi	38 mins	31.63	39.8166666667	31.63	39.8166666667
85360	35.291318	-80.703161	35.294178	-80.694628	1.3 mi	4 mins	1.337	4.01666666667	1.337	4.01666666667
85361	35.477095	-80.911787	35.182894	-80.727221	28.5 mi	34 mins	28.498	35.5833333333	28.498	35.5833333333
85362	35.429769	-80.874576	35.036419	-80.868147	33.3 mi	39 mins	33.366	38.8	33.366	38.8
85363	35.072440	-81.016282	35.246550	-80.673492	31.5 mi	42 mins	28.927	44.9	28.927	44.9
85364	35.104976	-80.810108	35.093160	-80.807749	1.3 mi	4 mins	1.26	4.03333333333	1.26	4.03333333333
85365	35.347282	-80.710220	35.082628	-81.035714	34.7 mi	44 mins	32.427	48.75	32.427	48.75
85366	35.071887	-80.832315	35.408020	-80.871586	30.0 mi	36 mins	30.104	35.3833333333	30.104	35.3833333333
85367	35.437480	-80.943348	35.056325	-80.745096	41.7 mi	47 mins	35.824	46.7333333333	35.824	46.7333333333
85368	35.402327	-80.911323	35.040624	-80.793926	37.5 mi	41 mins	35.906	41.8333333333	35.906	41.8333333333
85369	35.149928	-80.661882	35.480732	-80.814208	31.9 mi	39 mins	34.197	42.6833333333	34.197	42.6833333333
85370	35.147374	-80.981154	35.163151	-80.606778	31.2 mi	34 mins	32.517	37.3	32.517	37.3
85371	35.485674	-80.892095	35.070369	-80.833837	35.5 mi	39 mins	35.509	39.2666666667	35.509	39.2666666667
85372	35.404890	-80.910048	35.201358	-80.611265	30.9 mi	37 mins	31.634	38.6333333333	31.634	38.6333333333
85373	35.275099	-80.936665	35.277335	-80.955838	1.4 mi	3 mins	1.376	3.51666666667	1.376	3.51666666667
85374	35.454544	-80.930818	35.088077	-80.827370	38.6 mi	47 mins	38.68	50.9666666667	38.68	50.9666666667
85375	35.432981	-80.899444	35.088727	-80.870730	30.7 mi	33 mins	30.762	32.95	30.762	32.95
85376	35.505883	-80.852042	35.031626	-80.848396	38.0 mi	42 mins	38.269	39.8833333333	38.269	39.8833333333
85377	35.438931	-80.899878	35.105273	-80.848199	29.0 mi	37 mins	29.047	35.9166666667	29.047	35.9166666667
85378	35.438656	-80.855726	35.067090	-81.026456	33.3 mi	38 mins	34.233	44.3833333333	34.233	44.3833333333
85379	35.226848	-80.999311	35.239633	-80.995664	1.3 mi	3 mins	1.318	3.7	1.318	3.7
85380	35.474656	-80.860577	35.057614	-80.779192	38.7 mi	43 mins	39.914	43.7333333333	39.914	43.7333333333
85381	35.489024	-80.881730	35.168820	-80.665574	31.8 mi	40 mins	31.909	38.0833333333	31.909	38.0833333333
85382	35.477832	-80.912666	35.114771	-80.786550	30.8 mi	41 mins	31.177	41.5166666667	31.177	41.5166666667
85383	35.155637	-80.747100	35.146233	-80.753318	1.6 mi	5 mins	1.563	4.8	1.563	4.8
85384	35.478824	-80.814575	35.064075	-81.020981	38.7 mi	46 mins	37.722	51.9	37.722	51.9
85385	35.055966	-80.866153	35.037120	-80.858289	1.7 mi	4 mins	1.742	3.71666666667	1.742	3.71666666667
85386	35.250678	-80.644770	35.083702	-80.992945	36.5 mi	40 mins	32.115	40.7833333333	32.115	40.7833333333
85387	35.041386	-80.807472	35.465286	-80.880515	36.3 mi	41 mins	36.392	41.3666666667	36.392	41.3666666667
85388	35.106990	-80.808773	35.484937	-80.858869	29.7 mi	40 mins	29.739	38.3833333333	29.739	38.3833333333
85389	35.339454	-80.779925	35.088173	-81.019373	31.7 mi	39 mins	28.365	39.65	28.365	39.65
85390	35.379359	-80.902547	35.042306	-80.835829	33.0 mi	37 mins	29.375	36.3166666667	29.375	36.3166666667
85391	35.133639	-80.937203	35.501215	-80.852321	32.5 mi	33 mins	29.432	31.65	29.432	31.65
85392	35.469830	-80.907843	35.185879	-80.669246	32.8 mi	42 mins	32.859	42.1833333333	32.859	42.1833333333
85393	35.237167	-80.605244	35.094638	-81.027502	36.6 mi	41 mins	31.049	40.1666666667	31.049	40.1666666667
85394	35.225832	-80.613870	35.409292	-80.905771	29.4 mi	35 mins	27.496	34.5666666667	27.496	34.5666666667
85395	35.501793	-80.890574	35.155228	-80.889476	26.2 mi	30 mins	26.224	32.2833333333	26.224	32.2833333333
85396	35.476501	-80.896118	35.139711	-80.943674	30.4 mi	31 mins	28.445	32.5	28.445	32.5
85397	35.088618	-80.834584	35.482720	-80.862700	33.8 mi	39 mins	33.52	36.45	33.52	36.45
85398	35.324726	-80.792781	35.319938	-80.793071	1.0 mi	4 mins	1.008	4.1	1.008	4.1
85399	35.022406	-80.821778	35.374769	-80.765618	34.6 mi	39 mins	35.317	46.3	35.317	46.3
85400	35.254715	-81.009593	35.267957	-80.666495	27.3 mi	31 mins	24.228	34.1333333333	24.228	34.1333333333
85401	35.492452	-80.875135	35.072497	-80.885013	32.9 mi	38 mins	32.688	37.0166666667	32.688	37.0166666667
85402	35.386155	-80.776313	35.103741	-81.001875	29.0 mi	35 mins	28.999	38.8666666667	28.999	38.8666666667
85403	35.476401	-80.909526	35.070882	-80.844189	35.7 mi	39 mins	35.771	40.3666666667	35.771	40.3666666667
85404	35.192948	-80.685918	35.492455	-80.857084	30.0 mi	37 mins	30.074	33.7333333333	30.074	33.7333333333
85405	35.214795	-80.832025	35.217571	-80.839084	0.9 mi	3 mins	0.819	1.5	0.819	1.5
85406	35.480395	-80.856458	35.497395	-80.857308	1.5 mi	4 mins	1.489	3.78333333333	1.489	3.78333333333
85407	35.051954	-80.869222	35.030962	-80.862295	1.8 mi	5 mins	1.807	4.33333333333	1.807	4.33333333333
85408	35.474247	-80.871744	35.481765	-80.855101	1.6 mi	5 mins	1.58	4.61666666667	1.58	4.61666666667
85409	35.072368	-80.862945	35.482112	-80.859313	33.8 mi	39 mins	33.82	37.7	33.82	37.7
85410	35.471008	-80.924095	35.021090	-80.853048	39.3 mi	44 mins	39.379	46.1666666667	39.379	46.1666666667
85411	35.018229	-80.831902	35.492678	-80.856436	38.5 mi	43 mins	38.496	42.05	38.496	42.05
85412	35.100308	-80.808899	35.089251	-80.807490	2.3 mi	6 mins	1.577	4.43333333333	1.577	4.43333333333
85413	35.490264	-80.832093	35.107350	-80.771198	33.1 mi	46 mins	33.306	41.35	33.306	41.35
85414	35.351592	-80.778906	35.334375	-80.781180	4.4 mi	8 mins	4.38	8.76666666667	4.38	8.76666666667
85415	35.134006	-80.662193	35.232116	-80.996415	31.4 mi	35 mins	24.471	36.0666666667	24.471	36.0666666667
85416	35.462934	-80.839956	35.115782	-80.984154	32.0 mi	37 mins	30.908	39.1	30.908	39.1
85417	35.064334	-81.052253	35.333446	-80.836911	29.0 mi	39 mins	27.134	41.0	27.134	41.0
85418	35.098707	-80.858345	35.507320	-80.850186	34.1 mi	38 mins	34.146	38.2333333333	34.146	38.2333333333
85419	35.191752	-80.589757	35.397147	-80.880467	31.3 mi	38 mins	30.256	39.9166666667	30.256	39.9166666667
85420	35.064680	-80.768594	35.422229	-80.900032	36.5 mi	42 mins	30.328	40.5166666667	30.328	40.5166666667
85421	35.112467	-80.875364	35.497042	-80.856077	30.9 mi	36 mins	30.557	34.8166666667	30.557	34.8166666667
85422	35.049462	-80.817548	35.427920	-80.856930	32.4 mi	38 mins	32.446	36.2666666667	32.446	36.2666666667
85423	35.431913	-80.858075	35.122861	-80.998223	29.6 mi	33 mins	27.547	33.05	27.547	33.05
85424	35.107861	-80.853491	35.106143	-80.834643	4.2 mi	8 mins	3.836	7.96666666667	3.836	7.96666666667
85425	35.160679	-80.986577	35.496072	-80.844509	31.6 mi	35 mins	31.494	36.0833333333	31.494	36.0833333333
85426	35.446270	-80.900299	35.066495	-80.799739	36.4 mi	44 mins	35.492	41.3166666667	35.492	41.3166666667
85427	35.119426	-80.696421	35.483381	-80.854325	31.0 mi	38 mins	31.068	34.4	31.068	34.4
85428	35.103973	-80.841019	35.493396	-80.853416	35.2 mi	41 mins	35.176	38.3	35.176	38.3
85429	35.091547	-80.851448	35.443779	-80.894422	30.2 mi	34 mins	30.457	33.35	30.457	33.35
85430	35.391028	-80.773990	35.111286	-80.971144	27.5 mi	32 mins	29.003	35.9833333333	29.003	35.9833333333
85431	35.401827	-80.916520	35.066876	-80.790382	34.9 mi	40 mins	34.961	40.7333333333	34.961	40.7333333333
85432	35.088077	-80.827370	35.428898	-80.878780	30.3 mi	38 mins	30.813	37.3333333333	30.813	37.3333333333
85433	35.135590	-80.825175	35.494630	-80.853318	28.9 mi	39 mins	28.327	34.6833333333	28.327	34.6833333333
85434	35.025223	-80.837508	35.019073	-80.828970	0.8 mi	2 mins	0.67	1.66666666667	0.67	1.66666666667
85435	35.437732	-80.941371	35.114246	-80.720613	32.3 mi	43 mins	32.524	41.4	32.524	41.4
85436	35.439823	-80.888612	35.152511	-80.620841	34.5 mi	41 mins	33.328	42.5666666667	33.328	42.5666666667
85437	35.035992	-80.801741	35.495578	-80.850470	39.6 mi	44 mins	39.319	42.4666666667	39.319	42.4666666667
85438	35.428738	-80.934369	35.108261	-80.715511	31.7 mi	42 mins	33.528	39.05	33.528	39.05
85439	35.437848	-80.888955	35.077568	-80.841440	32.4 mi	35 mins	32.382	34.85	32.382	34.85
85440	35.414458	-80.833883	35.066001	-80.730213	30.0 mi	43 mins	30.232	41.3166666667	30.232	41.3166666667
85441	35.071015	-80.744366	35.454977	-80.859625	32.2 mi	45 mins	33.166	44.4	33.166	44.4
85442	35.409871	-80.854874	35.058636	-80.830394	30.4 mi	34 mins	30.439	34.0	30.439	34.0
85443	35.484964	-80.881392	35.172868	-80.727789	27.8 mi	34 mins	27.958	34.4166666667	27.958	34.4166666667
85444	35.159042	-80.875449	35.154385	-80.884611	1.0 mi	3 mins	1.053	2.71666666667	1.053	2.71666666667
85445	35.498647	-80.881654	35.132781	-80.857349	29.1 mi	35 mins	29.082	34.65	29.082	34.65
85446	35.421039	-80.850264	35.067563	-80.827223	31.7 mi	38 mins	32.045	38.1666666667	32.045	38.1666666667
85447	35.209487	-80.672046	35.069823	-81.026104	29.0 mi	40 mins	29.28	41.3166666667	29.28	41.3166666667
85448	35.149030	-80.678990	35.435176	-80.896163	30.1 mi	40 mins	31.414	37.6666666667	31.414	37.6666666667
85449	35.449070	-80.882701	35.175713	-80.665366	30.0 mi	40 mins	28.16	34.3666666667	28.16	34.3666666667
85450	35.470023	-80.941219	35.109557	-80.848315	33.8 mi	45 mins	33.79	47.3666666667	33.79	47.3666666667
85451	35.085308	-81.038956	35.133082	-80.692225	30.4 mi	41 mins	31.001	42.9	31.001	42.9
85452	35.390540	-80.755069	35.031119	-80.806890	34.7 mi	39 mins	36.837	42.7666666667	36.837	42.7666666667
85453	35.071320	-80.825134	35.468311	-80.879405	34.2 mi	41 mins	34.222	41.8333333333	34.222	41.8333333333
85454	35.402757	-80.775871	35.026620	-80.821578	35.2 mi	43 mins	36.596	51.5833333333	36.596	51.5833333333
85455	35.225553	-80.858329	35.231765	-80.866805	1.0 mi	3 mins	0.983	2.45	0.983	2.45
85456	35.104972	-81.020271	35.466247	-80.787736	37.3 mi	46 mins	37.563	50.4833333333	37.563	50.4833333333
85457	35.168792	-80.805240	35.188190	-80.806392	1.9 mi	6 mins	2.045	4.08333333333	2.045	4.08333333333
85458	35.410307	-80.925822	35.070919	-80.883829	30.2 mi	37 mins	28.244	36.1	28.244	36.1
85459	35.126385	-80.793492	35.487270	-80.829693	31.5 mi	43 mins	31.465	38.8333333333	31.465	38.8333333333
85460	35.116176	-80.681903	35.076074	-81.019544	27.3 mi	34 mins	27.554	38.3666666667	27.554	38.3666666667
85461	35.165571	-80.715119	35.511524	-80.838406	31.3 mi	38 mins	31.281	36.5166666667	31.281	36.5166666667
85462	35.050744	-80.871763	35.431315	-80.871744	30.6 mi	37 mins	30.509	35.95	30.509	35.95
85463	35.155769	-80.924391	35.485784	-80.850505	26.9 mi	32 mins	26.918	30.1666666667	26.918	30.1666666667
85464	35.159876	-80.982518	35.162138	-80.990576	0.9 mi	2 mins	0.843	3.33333333333	0.843	3.33333333333
85465	35.163367	-80.966749	35.488584	-80.824109	31.5 mi	34 mins	31.464	34.3333333333	31.464	34.3333333333
85466	35.451029	-80.843214	35.083731	-80.893587	30.9 mi	34 mins	29.849	32.8166666667	29.849	32.8166666667
85467	35.267064	-80.741124	35.062837	-81.047441	30.1 mi	41 mins	26.671	43.2833333333	26.671	43.2833333333
85468	35.083454	-81.048800	35.479783	-80.886249	37.6 mi	44 mins	38.197	47.4	38.197	47.4
85469	35.136424	-80.977830	35.517768	-80.850767	35.5 mi	37 mins	33.748	37.65	33.748	37.65
85470	35.165606	-80.720767	35.488385	-80.865431	28.2 mi	33 mins	28.208	33.25	28.208	33.25
85471	35.173129	-80.753652	35.172276	-80.752268	0.1 mi	1 min	0.1	0.3	0.1	0.3
85472	35.406897	-80.841991	35.054708	-80.855070	29.8 mi	33 mins	29.777	31.6	29.777	31.6
85473	35.409284	-80.878165	35.097874	-81.032111	29.9 mi	34 mins	29.962	35.5166666667	29.962	35.5166666667
85474	35.104903	-80.735628	35.426000	-80.874403	28.2 mi	40 mins	29.095	38.6833333333	29.095	38.6833333333
85475	35.115248	-80.730056	35.463765	-80.837869	31.5 mi	42 mins	33.14	41.9166666667	33.14	41.9166666667
85476	35.112130	-80.850053	35.506181	-80.853439	31.7 mi	39 mins	31.717	36.65	31.717	36.65
85477	35.406975	-80.777775	35.056039	-80.743649	36.2 mi	41 mins	36.183	47.4833333333	36.183	47.4833333333
85478	35.448045	-80.858325	35.041761	-80.807588	35.1 mi	39 mins	35.138	40.0833333333	35.138	40.0833333333
85479	35.026700	-80.848178	35.494941	-80.847545	38.9 mi	44 mins	38.735	42.2166666667	38.735	42.2166666667
85480	35.100195	-80.849773	35.480448	-80.852209	33.2 mi	39 mins	31.494	37.9666666667	31.494	37.9666666667
85481	35.055772	-80.795350	35.476197	-80.884758	37.6 mi	43 mins	37.621	41.5333333333	37.621	41.5333333333
85482	35.134545	-80.681678	35.421708	-80.876464	27.7 mi	37 mins	27.77	34.1666666667	27.77	34.1666666667
85483	35.238602	-80.785932	35.226142	-80.774257	1.4 mi	4 mins	1.422	3.63333333333	1.422	3.63333333333
85484	35.182530	-80.620681	35.419241	-80.867277	30.0 mi	36 mins	28.025	35.5	28.025	35.5
85485	35.416322	-80.853690	35.049338	-80.876826	29.1 mi	36 mins	28.961	33.4666666667	28.961	33.4666666667
85486	35.120740	-80.762824	35.498915	-80.862160	30.5 mi	39 mins	30.49	37.7333333333	30.49	37.7333333333
85487	35.122409	-80.968257	35.222206	-80.575800	33.3 mi	40 mins	35.095	41.1166666667	35.095	41.1166666667
85488	35.075971	-80.846242	35.073977	-80.862197	1.3 mi	3 mins	1.35	4.21666666667	1.35	4.21666666667
85489	35.136115	-80.754301	35.481568	-80.853360	30.0 mi	38 mins	30.45	36.7333333333	30.45	36.7333333333
85490	35.070514	-81.002402	35.413890	-80.836227	31.2 mi	37 mins	31.032	36.4	31.032	36.4
85491	35.390733	-80.914054	35.167608	-80.658630	26.5 mi	39 mins	26.411	36.85	26.411	36.85
85492	35.467796	-80.791403	35.132554	-80.958821	33.3 mi	38 mins	30.604	40.15	30.604	40.15
85493	35.444520	-80.898075	35.084041	-80.724781	32.4 mi	44 mins	32.158	41.7333333333	32.158	41.7333333333
85494	35.484623	-80.877656	35.129389	-80.831715	29.3 mi	36 mins	27.674	34.2	27.674	34.2
85495	35.094224	-80.731042	35.517402	-80.850597	38.5 mi	50 mins	37.883	47.1833333333	37.883	47.1833333333
85496	35.069866	-80.802141	35.498749	-80.858598	37.9 mi	42 mins	37.982	41.8666666667	37.982	41.8666666667
85497	35.211878	-80.846638	35.211376	-80.861437	1.1 mi	4 mins	1.135	4.26666666667	1.135	4.26666666667
85498	35.172921	-80.659376	35.491927	-80.823429	31.0 mi	38 mins	32.984	40.05	32.984	40.05
85499	35.122225	-80.743643	35.464864	-80.885557	29.2 mi	40 mins	30.49	38.8333333333	30.49	38.8333333333
85500	35.396176	-80.891629	35.174466	-80.616592	27.9 mi	37 mins	30.507	38.5833333333	30.507	38.5833333333
85501	35.480337	-80.899108	35.035116	-80.843964	37.0 mi	42 mins	37.011	40.85	37.011	40.85
85502	35.191736	-80.581547	35.469620	-80.830575	31.8 mi	37 mins	34.522	44.3333333333	34.522	44.3333333333
85503	35.259274	-80.697312	35.084689	-81.029022	27.3 mi	43 mins	29.113	41.5166666667	29.113	41.5166666667
85504	35.035992	-80.801741	35.050093	-80.802932	1.7 mi	4 mins	1.376	3.53333333333	1.376	3.53333333333
85505	35.224050	-80.656005	35.502036	-80.861234	32.7 mi	37 mins	32.108	36.2166666667	32.108	36.2166666667
85506	35.485958	-80.866841	35.144048	-80.743278	28.0 mi	33 mins	28.214	32.2833333333	28.214	32.2833333333
85507	35.474226	-80.863568	35.173783	-80.612720	32.2 mi	41 mins	32.246	41.1833333333	32.246	41.1833333333
85508	35.079386	-80.857248	35.490952	-80.852399	34.2 mi	41 mins	34.19	38.5833333333	34.19	38.5833333333
85509	35.112710	-80.965862	35.474335	-80.888074	33.9 mi	37 mins	30.761	34.9333333333	30.761	34.9333333333
85510	35.075566	-80.853016	35.497354	-80.831756	36.0 mi	43 mins	36.176	40.8	36.176	40.8
85511	35.466590	-80.886674	35.076312	-80.770777	30.9 mi	43 mins	31.285	39.9833333333	31.285	39.9833333333
85512	35.041301	-80.770719	35.441671	-80.857337	36.4 mi	39 mins	30.674	37.0833333333	30.674	37.0833333333
85513	35.485477	-80.893268	35.179583	-80.598482	36.3 mi	42 mins	35.489	44.5	35.489	44.5
85514	35.156137	-80.657497	35.481706	-80.853857	32.9 mi	44 mins	32.945	39.7166666667	32.945	39.7166666667
85515	35.093278	-80.825373	35.072421	-80.823084	5.4 mi	11 mins	6.177	12.2666666667	6.177	12.2666666667
85516	35.121658	-80.745831	35.129845	-80.746444	0.8 mi	2 mins	0.847	2.31666666667	0.847	2.31666666667
85517	35.209173	-80.838665	35.215871	-80.826552	1.1 mi	3 mins	1.135	2.3	1.135	2.3
85518	35.403325	-80.936864	35.140434	-80.680263	28.3 mi	42 mins	29.095	41.5166666667	29.095	41.5166666667
85519	35.436289	-80.902906	35.066837	-80.792773	35.8 mi	41 mins	35.825	39.4666666667	35.825	39.4666666667
85520	35.439827	-80.892227	35.065487	-81.013852	35.1 mi	39 mins	35.097	42.05	35.097	42.05
85521	35.032283	-80.810973	35.410560	-80.836413	33.3 mi	39 mins	33.342	37.3666666667	33.342	37.3666666667
85522	35.073371	-80.720322	35.413321	-80.930449	31.1 mi	47 mins	32.045	46.7333333333	32.045	46.7333333333
85523	35.506065	-80.880082	35.153565	-80.760923	28.7 mi	36 mins	28.934	37.1833333333	28.934	37.1833333333
85524	35.213076	-80.557842	35.169364	-80.976159	34.1 mi	37 mins	33.692	42.7333333333	33.692	42.7333333333
85525	35.114281	-80.803646	35.441854	-80.902203	27.3 mi	38 mins	27.319	36.85	27.319	36.85
85526	35.477043	-80.782392	35.131307	-80.935894	33.8 mi	41 mins	30.836	44.4333333333	30.836	44.4333333333
85527	35.176282	-80.721733	35.162862	-80.725937	2.7 mi	5 mins	2.709	6.4	2.709	6.4
85528	35.046075	-80.857181	35.408101	-80.777131	33.5 mi	42 mins	34.718	49.1333333333	34.718	49.1333333333
85529	35.082586	-80.807285	35.501015	-80.801985	42.4 mi	51 mins	37.682	52.2333333333	37.682	52.2333333333
85530	35.422759	-80.904579	35.072320	-81.027499	33.2 mi	40 mins	34.802	46.25	34.802	46.25
85531	35.492611	-80.860686	35.071244	-80.830138	36.4 mi	43 mins	36.942	42.0833333333	36.942	42.0833333333
85532	35.105124	-80.755615	35.494650	-80.834064	34.8 mi	47 mins	34.96	43.0	34.96	43.0
85533	35.172917	-80.663608	35.430090	-80.898654	30.3 mi	40 mins	30.103	36.5333333333	30.103	36.5333333333
85534	35.079763	-80.735712	35.463437	-80.779219	39.9 mi	47 mins	36.517	48.4	36.517	48.4
85535	35.079360	-80.854479	35.410996	-80.761702	30.8 mi	39 mins	30.845	41.95	30.845	41.95
85536	35.036319	-80.817744	35.445282	-80.781186	39.4 mi	45 mins	39.445	43.75	39.445	43.75
85537	35.098225	-80.853813	35.437425	-80.864215	28.3 mi	33 mins	29.14	32.4	29.14	32.4
85538	35.179874	-80.849830	35.169491	-80.866577	2.4 mi	6 mins	2.383	5.05	2.383	5.05
85539	35.068281	-80.771734	35.483931	-80.819643	34.4 mi	44 mins	34.412	42.0666666667	34.412	42.0666666667
85540	35.038477	-80.788460	35.487270	-80.829693	42.7 mi	50 mins	38.094	49.1	38.094	49.1
85541	35.120116	-80.719928	35.484641	-80.849605	31.1 mi	40 mins	32.224	37.7333333333	32.224	37.7333333333
85542	35.254002	-80.743041	35.274216	-80.745559	2.5 mi	6 mins	2.421	5.83333333333	2.421	5.83333333333
85543	35.437480	-80.943348	35.038131	-80.796734	40.1 mi	47 mins	40.133	46.7666666667	40.133	46.7666666667
85544	35.087631	-80.702647	35.404512	-80.831366	29.3 mi	40 mins	29.203	36.2833333333	29.203	36.2833333333
85545	35.130855	-80.786895	35.124951	-80.794339	0.7 mi	3 mins	0.699	2.46666666667	0.699	2.46666666667
85546	35.435489	-80.882646	35.040624	-80.793926	38.5 mi	42 mins	36.871	42.6833333333	36.871	42.6833333333
85547	35.366139	-80.808533	35.027694	-80.821797	32.6 mi	40 mins	31.995	39.0666666667	31.995	39.0666666667
85548	35.073929	-80.793514	35.423284	-80.871713	33.9 mi	40 mins	28.407	38.4333333333	28.407	38.4333333333
85549	35.480484	-80.861033	35.086543	-81.020727	35.7 mi	42 mins	34.271	39.1166666667	34.271	39.1166666667
85550	35.134040	-80.760840	35.499203	-80.860357	29.3 mi	36 mins	30.787	35.5666666667	30.787	35.5666666667
85551	35.472184	-80.865932	35.129371	-80.765319	29.3 mi	38 mins	31.469	39.7	31.469	39.7
85552	35.051951	-80.871855	35.492295	-80.838794	36.7 mi	44 mins	36.601	40.4666666667	36.601	40.4666666667
85553	35.063616	-80.778663	35.502264	-80.848578	40.3 mi	42 mins	34.222	39.6833333333	34.222	39.6833333333
85554	35.158323	-80.644375	35.487172	-80.878698	31.9 mi	40 mins	32.102	37.5333333333	32.102	37.5333333333
85555	35.191736	-80.581547	35.138484	-80.943525	28.8 mi	31 mins	28.825	32.95	28.825	32.95
85556	35.372796	-80.740249	35.074767	-81.019871	32.8 mi	41 mins	31.478	43.8333333333	31.478	43.8333333333
85557	35.463235	-80.858275	35.140815	-80.734979	27.8 mi	34 mins	27.432	35.6	27.432	35.6
85558	35.082642	-81.045804	35.414314	-80.908409	34.9 mi	42 mins	35.214	45.6	35.214	45.6
85559	35.223735	-80.607948	35.173768	-80.956310	32.7 mi	35 mins	24.751	34.95	24.751	34.95
85560	35.491763	-80.878134	35.101070	-80.967812	32.4 mi	36 mins	32.457	37.4166666667	32.457	37.4166666667
85561	35.244674	-80.976234	35.192160	-80.622293	34.6 mi	35 mins	23.383	33.9333333333	23.383	33.9333333333
85562	35.031519	-80.864273	35.500889	-80.854050	37.4 mi	44 mins	37.232	42.0666666667	37.232	42.0666666667
85563	35.095539	-80.690541	35.475583	-80.813380	37.0 mi	43 mins	36.241	44.9666666667	36.241	44.9666666667
85564	35.248903	-80.638357	35.061559	-81.010815	39.8 mi	44 mins	36.702	47.2333333333	36.702	47.2333333333
85565	35.229640	-80.629459	35.120219	-80.974561	32.9 mi	38 mins	26.923	37.25	26.923	37.25
85566	35.407484	-80.843849	35.090788	-80.720111	27.9 mi	38 mins	27.933	36.2333333333	27.933	36.2333333333
85567	35.113445	-80.787693	35.506623	-80.849695	30.7 mi	39 mins	30.695	36.8833333333	30.695	36.8833333333
85568	35.081921	-80.851251	35.427721	-80.833454	29.7 mi	37 mins	29.967	36.3	29.967	36.3
85569	35.384015	-80.915875	35.044375	-80.809390	32.6 mi	38 mins	30.866	38.8833333333	30.866	38.8833333333
85570	35.158601	-80.647547	35.496370	-80.853775	33.7 mi	43 mins	33.329	38.95	33.329	38.95
85571	35.139307	-80.703599	35.488950	-80.866287	29.9 mi	36 mins	30.032	35.15	30.032	35.15
85572	35.061163	-80.805280	35.412678	-80.839097	31.7 mi	37 mins	31.692	34.5333333333	31.692	34.5333333333
85573	35.121337	-81.027637	35.491619	-80.846149	35.9 mi	41 mins	36.504	45.8166666667	36.504	45.8166666667
85574	35.129382	-80.793131	35.493355	-80.832599	31.5 mi	42 mins	31.231	38.6666666667	31.231	38.6666666667
85575	35.228186	-80.754235	35.235490	-80.766967	1.2 mi	3 mins	1.171	3.66666666667	1.171	3.66666666667
85576	35.486032	-80.906073	35.119898	-80.870029	29.9 mi	36 mins	29.953	36.3166666667	29.953	36.3166666667
85577	35.078802	-80.869986	35.451191	-80.847993	30.5 mi	35 mins	30.531	34.15	30.531	34.15
85578	35.381916	-80.780223	35.054225	-80.862408	37.1 mi	39 mins	32.692	41.7333333333	32.692	41.7333333333
85579	35.438022	-80.892480	35.084844	-80.865562	30.4 mi	34 mins	30.207	34.7333333333	30.207	34.7333333333
85580	35.249153	-80.639379	35.116544	-80.979704	35.9 mi	39 mins	33.455	40.5833333333	33.455	40.5833333333
85581	35.408176	-80.848671	35.063447	-80.765514	33.5 mi	37 mins	27.658	35.8166666667	27.658	35.8166666667
85582	35.133083	-80.660447	35.480061	-80.820000	33.4 mi	37 mins	35.729	40.3833333333	35.729	40.3833333333
85583	35.170754	-80.608115	35.082577	-80.980975	30.6 mi	33 mins	32.861	38.95	32.861	38.95
85584	35.307880	-80.981521	35.138066	-80.675701	24.1 mi	36 mins	25.885	33.1833333333	25.885	33.1833333333
85585	35.492330	-80.876275	35.049338	-80.876826	34.5 mi	41 mins	34.297	39.45	34.297	39.45
85586	35.215265	-80.847937	35.200680	-80.861485	1.9 mi	5 mins	1.822	4.28333333333	1.822	4.28333333333
85587	35.055347	-80.877030	35.480673	-80.902323	36.3 mi	43 mins	36.079	44.1166666667	36.079	44.1166666667
85588	35.037015	-80.819948	35.462206	-80.810289	39.0 mi	46 mins	39.004	44.65	39.004	44.65
85589	35.071320	-80.825134	35.423759	-80.880407	31.2 mi	38 mins	31.16	38.3833333333	31.16	38.3833333333
85590	35.082495	-80.793069	35.473172	-80.802962	35.5 mi	49 mins	33.94	47.0333333333	33.94	47.0333333333
85591	35.088100	-80.739989	35.486978	-80.827299	35.9 mi	49 mins	37.72	46.3	37.72	46.3
85592	35.126404	-80.734729	35.456786	-80.811532	30.3 mi	40 mins	30.616	40.6333333333	30.616	40.6333333333
85593	35.081787	-80.850243	35.449437	-80.884097	32.3 mi	40 mins	30.592	35.4333333333	30.592	35.4333333333
85594	35.295292	-80.704405	35.307297	-80.708492	1.3 mi	3 mins	0.871	1.9	0.871	1.9
85595	35.408409	-80.823486	35.039660	-80.863064	32.9 mi	40 mins	32.228	37.45	32.228	37.45
85596	35.328574	-80.720721	35.119424	-80.994033	28.8 mi	33 mins	27.62	35.2666666667	27.62	35.2666666667
85597	35.465817	-80.923920	35.152511	-80.620841	38.4 mi	46 mins	37.23	50.3333333333	37.23	50.3333333333
85598	35.202298	-80.602072	35.502216	-80.861453	35.6 mi	41 mins	33.264	41.5833333333	33.264	41.5833333333
85599	35.176671	-80.702909	35.481208	-80.856869	28.8 mi	35 mins	28.839	33.0833333333	28.839	33.0833333333
85600	35.471512	-80.799247	35.072331	-81.025775	39.9 mi	47 mins	40.372	54.2333333333	40.372	54.2333333333
85601	35.464051	-80.921436	35.202265	-80.688465	32.6 mi	42 mins	32.598	44.4666666667	32.598	44.4666666667
85602	35.046817	-80.822591	35.424058	-80.829519	33.5 mi	41 mins	33.43	37.6	33.43	37.6
85603	35.474889	-80.895930	35.019533	-80.857430	38.0 mi	43 mins	38.074	41.7333333333	38.074	41.7333333333
85604	35.098535	-81.033937	35.437352	-80.865343	32.7 mi	36 mins	32.501	36.8666666667	32.501	36.8666666667
85605	35.444291	-80.890323	35.460248	-80.879114	2.0 mi	5 mins	1.983	5.5	1.983	5.5
85606	35.427934	-80.875983	35.150577	-80.645422	29.6 mi	39 mins	30.705	38.5666666667	30.705	38.5666666667
85607	35.436263	-80.876954	35.105173	-80.977947	30.7 mi	36 mins	29.395	37.95	29.395	37.95
85608	35.459251	-80.807654	35.113996	-80.798053	31.3 mi	43 mins	30.514	41.2333333333	30.514	41.2333333333
85609	35.211197	-80.804671	35.209037	-80.790494	2.4 mi	7 mins	1.909	6.2	1.909	6.2
85610	35.150952	-80.781610	35.482787	-80.884355	27.1 mi	34 mins	27.103	31.5	27.103	31.5
85611	35.416576	-80.880548	35.069223	-80.730367	30.6 mi	43 mins	30.779	42.9166666667	30.779	42.9166666667
85612	35.465008	-80.887566	35.083885	-80.841633	33.2 mi	38 mins	33.234	37.8833333333	33.234	37.8833333333
85613	35.055619	-80.745298	35.490155	-80.856286	41.1 mi	46 mins	35.013	42.5833333333	35.013	42.5833333333
85614	35.293724	-80.688190	35.100253	-80.993654	30.4 mi	40 mins	26.719	38.4166666667	26.719	38.4166666667
85615	35.378431	-80.754024	35.063625	-81.050900	35.1 mi	45 mins	35.435	50.5833333333	35.435	50.5833333333
85616	35.447403	-80.819106	35.080088	-80.834097	34.2 mi	41 mins	33.122	39.0833333333	33.122	39.0833333333
85617	35.466563	-80.923932	35.031626	-80.848396	38.7 mi	44 mins	39.011	46.05	39.011	46.05
85618	35.189193	-80.729878	35.180390	-80.713327	2.6 mi	7 mins	2.571	7.9	2.571	7.9
85619	35.393783	-80.905575	35.023678	-80.838564	34.3 mi	39 mins	34.602	41.4666666667	34.602	41.4666666667
85620	35.167937	-80.621141	35.483987	-80.853789	32.6 mi	40 mins	33.294	40.3333333333	33.294	40.3333333333
85621	35.076801	-80.772606	35.428101	-80.817792	28.2 mi	42 mins	28.18	37.1	28.18	37.1
85622	35.442370	-80.774163	35.094446	-80.996825	35.2 mi	40 mins	34.172	40.2166666667	34.172	40.2166666667
85623	35.161082	-80.929717	35.154335	-80.922241	1.3 mi	5 mins	1.274	3.33333333333	1.274	3.33333333333
85624	35.038782	-80.871990	35.408798	-80.810616	32.4 mi	42 mins	32.237	41.15	32.237	41.15
85625	35.090359	-80.707159	35.506604	-80.852438	35.6 mi	46 mins	37.186	44.35	37.186	44.35
85626	35.390577	-80.762025	35.037960	-80.818897	36.6 mi	41 mins	36.998	44.8833333333	36.998	44.8833333333
85627	35.375140	-80.777060	35.047835	-80.866487	32.6 mi	39 mins	30.981	39.5666666667	30.981	39.5666666667
85628	35.183000	-80.639497	35.085606	-81.022381	33.7 mi	41 mins	32.438	38.0	32.438	38.0
85629	35.492063	-80.866771	35.148859	-80.786317	26.9 mi	36 mins	27.211	34.1	27.211	34.1
85630	35.122320	-81.031373	35.474782	-80.803231	37.4 mi	42 mins	37.177	51.1666666667	37.177	51.1666666667
85631	35.489024	-80.881730	35.075847	-80.844682	34.1 mi	39 mins	34.077	38.4666666667	34.077	38.4666666667
85632	35.042598	-80.780109	35.500568	-80.843577	42.2 mi	47 mins	36.003	44.4	36.003	44.4
85633	35.160886	-80.924752	35.496048	-80.830564	29.5 mi	38 mins	29.55	34.95	29.55	34.95
85634	35.240863	-80.826740	35.228780	-80.840839	1.2 mi	4 mins	1.226	2.18333333333	1.226	2.18333333333
85635	35.462051	-80.923409	35.104813	-80.772907	32.5 mi	44 mins	32.896	46.35	32.896	46.35
85636	35.493118	-80.860503	35.057907	-80.794768	38.0 mi	44 mins	38.522	42.0666666667	38.522	42.0666666667
85637	35.477095	-80.911787	35.134955	-81.040404	34.3 mi	39 mins	35.803	48.7333333333	35.803	48.7333333333
85638	35.072324	-80.883495	35.505661	-80.852480	34.2 mi	38 mins	34.176	36.9333333333	34.176	36.9333333333
85639	35.396371	-80.875728	35.045985	-80.801788	32.8 mi	37 mins	32.811	36.8	32.811	36.8
85640	35.383902	-80.926867	35.136344	-80.683538	25.9 mi	38 mins	26.518	35.95	26.518	35.95
85641	35.419760	-80.865347	35.081027	-80.983255	28.8 mi	33 mins	29.864	35.15	29.864	35.15
85642	35.417892	-80.832727	35.078133	-80.730670	29.6 mi	43 mins	29.854	41.4166666667	29.854	41.4166666667
85643	35.133564	-80.861152	35.491626	-80.865548	29.1 mi	36 mins	29.066	34.4666666667	29.066	34.4666666667
85644	35.094471	-80.696500	35.446604	-80.879958	32.9 mi	44 mins	30.963	37.7833333333	30.963	37.7833333333
85645	35.495220	-80.875951	35.143839	-80.889363	26.9 mi	31 mins	26.882	32.1	26.882	32.1
85646	35.209438	-80.655049	35.214028	-80.672671	1.5 mi	4 mins	1.486	4.76666666667	1.486	4.76666666667
85647	35.059030	-80.800053	35.448661	-80.882770	36.4 mi	43 mins	34.506	38.35	34.506	38.35
85648	35.088601	-80.895648	35.496348	-80.852304	32.7 mi	36 mins	33.779	35.2666666667	33.779	35.2666666667
85649	35.366846	-80.794344	35.372802	-80.792909	2.8 mi	7 mins	2.868	8.95	2.868	8.95
85650	35.438158	-80.820913	35.121417	-81.010808	30.1 mi	35 mins	30.296	39.0	30.296	39.0
85651	35.138117	-80.886133	35.481525	-80.855690	27.0 mi	30 mins	28.017	29.5666666667	28.017	29.5666666667
85652	35.052772	-80.832178	35.442761	-80.896135	34.2 mi	41 mins	34.209	38.85	34.209	38.85
85653	35.446592	-80.858094	35.100396	-80.684206	30.4 mi	38 mins	30.399	37.4833333333	30.399	37.4833333333
85654	35.087599	-80.998469	35.309746	-80.736364	26.2 mi	35 mins	24.507	34.2166666667	24.507	34.2166666667
85655	35.340698	-80.813048	35.344508	-80.815907	0.7 mi	2 mins	0.691	2.18333333333	0.691	2.18333333333
85656	35.140364	-80.894181	35.496889	-80.873114	26.6 mi	29 mins	26.565	30.5	26.565	30.5
85657	35.023890	-80.844733	35.508494	-80.853551	39.0 mi	43 mins	39.272	42.65	39.272	42.65
85658	35.038477	-80.788460	35.469782	-80.854574	39.2 mi	45 mins	34.701	45.6333333333	34.701	45.6333333333
85659	35.500448	-80.885540	35.042801	-80.863746	37.1 mi	42 mins	35.364	40.8666666667	35.364	40.8666666667
85660	35.150059	-80.957695	35.488888	-80.855919	31.3 mi	34 mins	30.74	34.7166666667	30.74	34.7166666667
85661	35.078204	-81.048691	35.305587	-80.728129	30.5 mi	40 mins	28.257	39.7	28.257	39.7
85662	35.433959	-80.803586	35.060546	-80.823936	34.7 mi	40 mins	34.726	40.7666666667	34.726	40.7666666667
85663	35.136994	-80.970894	35.342883	-80.702252	28.0 mi	30 mins	26.794	31.7333333333	26.794	31.7333333333
85664	35.041320	-80.838249	35.388589	-80.767345	32.8 mi	40 mins	32.722	40.9333333333	32.722	40.9333333333
85665	35.100074	-80.967513	35.482266	-80.850167	33.3 mi	39 mins	33.371	37.5666666667	33.371	37.5666666667
85666	35.399270	-80.887884	35.092493	-80.711968	29.4 mi	41 mins	29.601	41.8166666667	29.601	41.8166666667
85667	35.136349	-80.756947	35.131507	-80.741367	2.0 mi	5 mins	1.569	5.26666666667	1.569	5.26666666667
85668	35.162244	-80.768923	35.156914	-80.764129	0.6 mi	2 mins	0.631	2.33333333333	0.631	2.33333333333
85669	35.117348	-80.729902	35.131658	-80.716746	2.5 mi	7 mins	2.461	6.83333333333	2.461	6.83333333333
85670	35.439352	-80.898698	35.105529	-80.993442	30.0 mi	33 mins	30.06	33.3333333333	30.06	33.3333333333
85671	35.117783	-80.975321	35.123480	-80.976159	1.4 mi	4 mins	1.521	4.38333333333	1.521	4.38333333333
85672	35.315865	-80.702267	35.149115	-81.002485	26.5 mi	33 mins	26.262	34.7333333333	26.262	34.7333333333
85673	35.434536	-80.872883	35.082688	-80.895286	29.9 mi	34 mins	29.958	33.2833333333	29.958	33.2833333333
85674	35.343231	-80.958079	35.339017	-80.965682	1.7 mi	5 mins	1.726	5.31666666667	1.726	5.31666666667
85675	35.379689	-80.762779	35.030975	-80.806549	33.7 mi	38 mins	36.803	42.65	36.803	42.65
85676	35.089188	-80.796987	35.494593	-80.848541	32.9 mi	44 mins	32.758	39.5333333333	32.758	39.5333333333
85677	35.159283	-80.781133	35.509402	-80.842054	28.0 mi	36 mins	28.896	34.1	28.896	34.1
85678	35.160000	-80.786800	35.498049	-80.863366	26.5 mi	32 mins	27.321	31.5666666667	27.321	31.5666666667
85679	35.096364	-80.867037	35.468090	-80.787791	34.7 mi	41 mins	34.726	42.15	34.726	42.15
85680	35.483313	-80.894543	35.076393	-80.746801	33.3 mi	47 mins	33.63	46.4333333333	33.63	46.4333333333
85681	35.107807	-80.849620	35.097730	-80.852841	1.2 mi	4 mins	1.164	4.6	1.164	4.6
85682	35.167987	-80.666800	35.516307	-80.852485	35.7 mi	47 mins	35.637	43.4833333333	35.637	43.4833333333
85683	35.404644	-80.933377	35.031719	-80.834727	34.5 mi	43 mins	32.738	42.7333333333	32.738	42.7333333333
85684	35.264987	-80.927655	35.245054	-80.918012	2.4 mi	5 mins	2.406	5.78333333333	2.406	5.78333333333
85685	35.258599	-80.909353	35.194840	-80.567178	23.9 mi	36 mins	23.418	35.3333333333	23.418	35.3333333333
85686	35.142257	-80.652369	35.459161	-80.810685	32.1 mi	37 mins	34.288	42.0333333333	34.288	42.0333333333
85687	35.074751	-80.802304	35.446272	-80.884063	36.7 mi	45 mins	34.502	40.5333333333	34.502	40.5333333333
85688	35.159470	-80.684734	35.504500	-80.843636	33.1 mi	42 mins	32.961	39.35	32.961	39.35
85689	35.411009	-80.865526	35.025855	-80.839363	31.1 mi	35 mins	31.14	34.6	31.14	34.6
85690	35.067441	-80.803390	35.429161	-80.854905	32.2 mi	37 mins	32.217	37.5	32.217	37.5
85691	35.109167	-80.886390	35.472882	-80.896185	31.7 mi	36 mins	30.07	33.7833333333	30.07	33.7833333333
85692	35.310376	-80.974876	35.176459	-80.661357	22.5 mi	32 mins	22.912	29.0166666667	22.912	29.0166666667
85693	35.046499	-80.821275	35.442537	-80.895094	35.1 mi	41 mins	35.234	38.3333333333	35.234	38.3333333333
85694	35.426190	-80.935916	35.220831	-80.660166	31.7 mi	38 mins	31.81	37.9666666667	31.81	37.9666666667
85695	35.089539	-80.877208	35.069125	-80.882333	1.7 mi	5 mins	2.037	4.33333333333	2.037	4.33333333333
85696	35.195924	-80.595629	35.096899	-81.030815	34.7 mi	40 mins	34.755	41.7166666667	34.755	41.7166666667
85697	35.078716	-80.830319	35.088983	-80.844714	1.4 mi	5 mins	1.329	3.08333333333	1.329	3.08333333333
85698	35.491763	-80.878134	35.056762	-80.876365	33.8 mi	39 mins	33.661	37.4833333333	33.661	37.4833333333
85699	35.380592	-80.744633	35.023890	-80.844733	36.1 mi	41 mins	34.617	39.8833333333	34.617	39.8833333333
85700	35.042519	-80.806652	35.465008	-80.887566	36.6 mi	41 mins	36.629	40.2333333333	36.629	40.2333333333
85701	35.109531	-80.725649	35.480061	-80.820000	33.5 mi	43 mins	34.465	41.4833333333	34.465	41.4833333333
85702	35.385942	-80.881305	35.047569	-80.804476	32.8 mi	35 mins	33.26	37.1166666667	33.26	37.1166666667
85703	35.401167	-80.848718	35.063989	-80.883162	27.3 mi	34 mins	28.171	32.5166666667	28.171	32.5166666667
85704	35.107596	-80.730138	35.501215	-80.852321	32.9 mi	41 mins	33.856	38.6	33.856	38.6
85705	35.394672	-80.758712	35.049776	-80.804985	35.9 mi	40 mins	36.314	43.8666666667	36.314	43.8666666667
85706	35.162786	-80.863697	35.167930	-80.857098	1.0 mi	4 mins	0.997	3.83333333333	0.997	3.83333333333
85707	35.093902	-80.810396	35.501731	-80.856019	36.2 mi	40 mins	36.277	38.85	36.277	38.85
85708	35.123049	-80.987310	35.225748	-80.661786	27.5 mi	39 mins	29.791	37.9833333333	29.791	37.9833333333
85709	35.052185	-80.803795	35.501137	-80.846045	38.9 mi	45 mins	38.746	41.2166666667	38.746	41.2166666667
85710	35.451029	-80.843214	35.079028	-80.827070	33.3 mi	38 mins	32.326	37.2	32.326	37.2
85711	35.131275	-80.947772	35.118736	-80.964611	2.3 mi	4 mins	2.254	4.28333333333	2.254	4.28333333333
85712	35.132120	-80.849027	35.141269	-80.856531	1.2 mi	4 mins	1.194	3.91666666667	1.194	3.91666666667
85713	35.462613	-80.914118	35.107596	-80.730138	33.8 mi	44 mins	34.032	45.6333333333	34.032	45.6333333333
85714	35.096984	-80.756589	35.470904	-80.810177	33.6 mi	48 mins	34.708	47.5833333333	34.708	47.5833333333
85715	35.112541	-80.744560	35.502633	-80.845561	33.1 mi	42 mins	34.845	39.4	34.845	39.4
85716	35.067765	-80.796859	35.053398	-80.810578	1.8 mi	6 mins	1.947	6.06666666667	1.947	6.06666666667
85717	35.407545	-80.901888	35.063789	-81.036814	32.9 mi	39 mins	33.646	42.9666666667	33.646	42.9666666667
85718	35.094595	-80.756068	35.424513	-80.903004	31.3 mi	48 mins	31.333	47.9	31.333	47.9
85719	35.040871	-80.867856	35.494820	-80.851865	36.6 mi	45 mins	36.811	40.9166666667	36.811	40.9166666667
85720	35.051003	-80.807244	35.457643	-80.811354	36.8 mi	40 mins	36.866	39.9	36.866	39.9
85721	35.104961	-80.724199	35.424402	-80.855582	26.7 mi	37 mins	27.673	34.1333333333	27.673	34.1333333333
85722	35.436527	-80.851358	35.089638	-80.719074	30.9 mi	42 mins	30.733	40.95	30.733	40.95
85723	35.303857	-80.979804	35.306538	-80.995397	1.3 mi	4 mins	1.266	4.5	1.266	4.5
85724	35.309960	-80.720450	35.080901	-80.989807	26.8 mi	34 mins	26.215	35.3	26.215	35.3
85725	35.168502	-80.830675	35.506123	-80.870056	25.4 mi	31 mins	25.938	29.45	25.938	29.45
85726	35.431424	-80.845300	35.117549	-80.969393	28.2 mi	33 mins	26.764	33.9166666667	26.764	33.9166666667
85727	35.493664	-80.875090	35.027679	-80.830612	37.3 mi	42 mins	37.29	41.8666666667	37.29	41.8666666667
85728	35.255280	-80.664268	35.092364	-80.995230	36.6 mi	40 mins	36.816	41.7333333333	36.816	41.7333333333
85729	35.038154	-80.782128	35.437787	-80.816914	40.0 mi	46 mins	32.594	45.2	32.594	45.2
85730	35.121880	-80.746160	35.447451	-80.852006	26.9 mi	36 mins	28.431	35.2	28.431	35.2
85731	35.225574	-80.981047	35.190252	-80.613442	34.7 mi	39 mins	24.926	39.4666666667	24.926	39.4666666667
85732	35.494314	-80.876436	35.096090	-80.771026	31.7 mi	45 mins	31.999	43.55	31.999	43.55
85733	35.499736	-80.887085	35.040871	-80.867856	37.3 mi	42 mins	37.342	42.3666666667	37.342	42.3666666667
85734	35.434645	-80.826257	35.112356	-80.966822	30.9 mi	37 mins	28.008	36.0166666667	28.008	36.0166666667
85735	35.399669	-80.829902	35.093086	-80.974266	27.5 mi	32 mins	27.523	33.5	27.523	33.5
85736	35.415623	-80.834592	35.071450	-80.856787	29.6 mi	36 mins	29.595	35.6833333333	29.595	35.6833333333
85737	35.070369	-80.833837	35.480395	-80.856458	35.0 mi	39 mins	35.075	37.65	35.075	37.65
85738	35.365049	-80.826933	35.070174	-81.024791	28.2 mi	35 mins	29.202	36.3166666667	29.202	36.3166666667
85739	35.225152	-80.983077	35.238710	-80.987302	3.3 mi	7 mins	3.271	8.56666666667	3.271	8.56666666667
85740	35.049615	-80.827800	35.375820	-80.921516	34.0 mi	42 mins	32.321	42.2833333333	32.321	42.2833333333
85741	35.104570	-80.969302	35.412388	-80.825028	29.0 mi	35 mins	27.297	35.4833333333	27.297	35.4833333333
85742	35.104190	-80.779121	35.503479	-80.853792	30.8 mi	38 mins	30.8	35.4833333333	30.8	35.4833333333
85743	35.102746	-80.692950	35.485273	-80.850975	33.4 mi	42 mins	33.441	39.3	33.441	39.3
85744	35.399165	-80.882203	35.407951	-80.901540	1.6 mi	4 mins	1.633	4.05	1.633	4.05
85745	35.469244	-80.882178	35.073590	-80.887398	32.6 mi	39 mins	32.41	38.5333333333	32.41	38.5333333333
85746	35.119427	-80.763213	35.481816	-80.850496	30.1 mi	41 mins	30.129	39.1166666667	30.129	39.1166666667
85747	35.505311	-80.848918	35.199874	-80.651904	33.6 mi	41 mins	33.601	39.8833333333	33.601	39.8833333333
85748	35.478768	-80.908917	35.160769	-80.661329	34.4 mi	45 mins	34.465	44.1666666667	34.465	44.1666666667
85749	35.397613	-80.864032	35.021016	-80.819883	32.9 mi	38 mins	33.221	39.45	33.221	39.45
85750	35.069611	-80.828837	35.428703	-80.881857	31.8 mi	41 mins	31.867	40.5833333333	31.867	40.5833333333
85751	35.439830	-80.853540	35.120257	-80.675211	31.3 mi	39 mins	30.214	37.6333333333	30.214	37.6333333333
85752	35.483291	-80.904899	35.124705	-80.713268	32.5 mi	42 mins	32.489	40.5	32.489	40.5
85753	35.192289	-80.881752	35.172608	-80.872412	1.9 mi	6 mins	2.373	4.68333333333	2.373	4.68333333333
85754	35.104826	-80.680593	35.063517	-81.027010	26.8 mi	32 mins	28.976	37.6	28.976	37.6
85755	35.044279	-80.775119	35.453612	-80.884159	38.4 mi	42 mins	32.544	42.4	32.544	42.4
85756	35.333368	-80.969233	35.154039	-80.647332	24.2 mi	36 mins	24.595	34.65	24.595	34.65
85757	35.425339	-80.880881	35.062519	-81.027586	32.4 mi	40 mins	33.91	45.9	33.91	45.9
85758	35.461228	-80.911345	35.107038	-80.854433	33.1 mi	43 mins	32.884	43.6	32.884	43.6
85759	35.413724	-80.833131	35.089638	-80.719074	28.3 mi	40 mins	28.555	39.0	28.555	39.0
85760	35.160847	-80.744162	35.482000	-80.853086	27.5 mi	33 mins	27.489	30.9	27.489	30.9
85761	35.119265	-80.669315	35.320343	-80.965308	24.3 mi	37 mins	24.606	35.25	24.606	35.25
85762	35.140373	-81.039293	35.496618	-80.832125	36.4 mi	43 mins	37.649	48.6166666667	37.649	48.6166666667
85763	35.091003	-80.891226	35.515833	-80.852350	37.2 mi	44 mins	36.559	41.8833333333	36.559	41.8833333333
85764	35.075806	-80.987750	35.409893	-80.829256	30.0 mi	37 mins	29.902	36.1833333333	29.902	36.1833333333
85765	35.418677	-80.848837	35.409111	-80.850250	1.6 mi	5 mins	1.666	4.86666666667	1.666	4.86666666667
85766	35.123650	-80.743044	35.132037	-80.756838	1.3 mi	3 mins	1.279	3.08333333333	1.279	3.08333333333
85767	35.449430	-80.882837	35.095858	-81.002759	31.9 mi	38 mins	30.053	34.4	30.053	34.4
85768	35.093437	-80.733840	35.412241	-80.868575	27.5 mi	38 mins	28.468	36.45	28.468	36.45
85769	35.479662	-80.914888	35.117352	-80.965200	34.3 mi	38 mins	31.564	39.95	31.564	39.95
85770	35.323330	-80.689036	35.088223	-80.989160	28.4 mi	37 mins	27.301	37.4833333333	27.301	37.4833333333
85771	35.085476	-80.824088	35.426474	-80.857785	29.6 mi	35 mins	29.413	33.5833333333	29.413	33.5833333333
85772	35.414389	-80.830776	35.049632	-80.807787	32.4 mi	38 mins	32.455	37.3166666667	32.455	37.3166666667
85773	35.456215	-80.924688	35.072370	-80.887500	36.1 mi	42 mins	35.902	46.0833333333	35.902	46.0833333333
85774	35.324470	-80.959715	35.187885	-80.621411	25.5 mi	39 mins	24.708	33.6333333333	24.708	33.6333333333
85775	35.441601	-80.886677	35.074146	-80.719895	33.4 mi	46 mins	33.584	45.2	33.584	45.2
85776	35.079885	-80.748636	35.077462	-80.727166	2.9 mi	7 mins	2.903	7.43333333333	2.903	7.43333333333
85777	35.083472	-80.802191	35.486426	-80.849477	32.4 mi	45 mins	32.395	41.5833333333	32.395	41.5833333333
85778	35.163321	-80.668096	35.492942	-80.833004	31.5 mi	38 mins	33.826	40.15	33.826	40.15
85779	35.138066	-80.675701	35.475739	-80.864741	32.2 mi	40 mins	32.676	37.2	32.676	37.2
85780	35.172696	-80.673125	35.449464	-80.889284	28.2 mi	36 mins	28.572	33.6666666667	28.572	33.6666666667
85781	35.118000	-80.673385	35.375820	-80.921516	26.6 mi	38 mins	26.692	37.5166666667	26.692	37.5166666667
85782	35.144307	-80.867474	35.478851	-80.815886	30.9 mi	38 mins	30.037	37.8833333333	30.037	37.8833333333
85783	35.089850	-80.895053	35.473985	-80.897583	32.0 mi	37 mins	33.388	36.6333333333	33.388	36.6333333333
85784	35.177056	-80.805545	35.177896	-80.783756	1.5 mi	4 mins	1.499	3.0	1.499	3.0
85785	35.171663	-80.758452	35.469628	-80.929228	28.9 mi	35 mins	29.004	37.6166666667	29.004	37.6166666667
85786	35.084054	-80.746107	35.428453	-80.849553	28.2 mi	41 mins	28.257	40.65	28.257	40.65
85787	35.420921	-80.848633	35.039425	-80.805945	33.7 mi	39 mins	33.91	38.4333333333	33.91	38.4333333333
85788	35.385450	-80.843346	35.043337	-80.835411	30.5 mi	37 mins	30.481	36.4833333333	30.481	36.4833333333
85789	35.072487	-80.749685	35.424108	-80.855311	27.7 mi	38 mins	28.634	35.8333333333	28.634	35.8333333333
85790	35.475341	-80.940489	35.079001	-80.858656	37.1 mi	44 mins	37.147	48.5833333333	37.147	48.5833333333
85791	35.428703	-80.881857	35.034878	-80.800693	35.2 mi	42 mins	35.109	42.15	35.109	42.15
85792	35.095456	-80.832398	35.493039	-80.852420	35.3 mi	42 mins	35.769	40.7	35.769	40.7
85793	35.369649	-80.741948	35.030520	-80.806813	33.2 mi	37 mins	35.416	39.4333333333	35.416	39.4333333333
85794	35.231872	-80.680444	35.135182	-81.010898	25.0 mi	39 mins	26.368	40.0166666667	26.368	40.0166666667
85795	35.138600	-80.638389	35.296338	-80.963841	35.4 mi	38 mins	35.414	40.9666666667	35.414	40.9666666667
85796	35.082837	-80.822612	35.469861	-80.852339	33.9 mi	39 mins	33.831	37.3166666667	33.831	37.3166666667
85797	35.235923	-80.803539	35.247587	-80.799198	1.1 mi	3 mins	1.104	3.11666666667	1.104	3.11666666667
85798	35.428776	-80.852569	35.067765	-80.844309	30.8 mi	36 mins	30.569	34.85	30.569	34.85
85799	35.031194	-80.800581	35.501702	-80.854685	39.8 mi	44 mins	39.755	42.9833333333	39.755	42.9833333333
85800	35.025365	-80.819963	35.493039	-80.852420	39.1 mi	46 mins	39.734	45.9333333333	39.734	45.9333333333
85801	35.404679	-80.839476	35.080413	-80.727433	28.6 mi	40 mins	29.108	38.0	29.108	38.0
85802	35.153545	-80.766889	35.170183	-80.766352	2.2 mi	5 mins	2.231	5.86666666667	2.231	5.86666666667
85803	35.066586	-80.767790	35.506302	-80.856445	40.5 mi	44 mins	34.154	41.6666666667	34.154	41.6666666667
85804	35.109531	-80.725649	35.444913	-80.886442	28.6 mi	38 mins	30.581	36.6166666667	30.581	36.6166666667
85805	35.162621	-80.644544	35.103928	-80.994246	28.7 mi	34 mins	28.829	34.8166666667	28.829	34.8166666667
85806	35.501015	-80.801985	35.072127	-81.014080	40.3 mi	50 mins	40.746	55.7666666667	40.746	55.7666666667
85807	35.110196	-80.760088	35.492376	-80.833298	34.4 mi	46 mins	34.575	40.85	34.575	40.85
85808	35.051299	-80.850686	35.497657	-80.854291	36.3 mi	40 mins	36.376	38.7666666667	36.376	38.7666666667
85809	35.128976	-80.938437	35.488790	-80.884184	29.9 mi	33 mins	28.755	33.0333333333	28.755	33.0333333333
85810	35.432718	-80.935743	35.050415	-80.801875	37.7 mi	43 mins	37.954	42.35	37.954	42.35
85811	35.044575	-80.850535	35.488942	-80.856657	36.7 mi	42 mins	36.748	39.6666666667	36.748	39.6666666667
85812	35.090886	-81.047191	35.459087	-80.781729	38.1 mi	45 mins	37.874	47.9	37.874	47.9
85813	35.213334	-80.845970	35.210735	-80.834770	1.0 mi	3 mins	0.974	2.73333333333	0.974	2.73333333333
85814	35.039995	-80.860350	35.508546	-80.851736	38.2 mi	44 mins	36.867	41.0166666667	36.867	41.0166666667
85815	35.437185	-80.902227	35.094600	-80.741968	31.5 mi	43 mins	32.178	42.2333333333	32.178	42.2333333333
85816	35.093902	-80.810396	35.466445	-80.880496	34.1 mi	40 mins	34.201	40.4833333333	34.201	40.4833333333
