ODIndex	originLat	originLng	destinationLat	destinationLng	GoogleMile	GoogleMin	ArcGISMile	ArcGISMin	OSMMile	OSMMin
87703	35.038928	-80.836827	35.022847	-80.850814	2.3 mi	5 mins	2.252	3.91666666667	2.252	3.91666666667
87704	35.421681	-80.885344	35.075550	-80.781845	36.5 mi	43 mins	29.651	42.85	29.651	42.85
87705	35.249617	-80.732620	35.073044	-81.050170	29.3 mi	42 mins	28.625	43.5666666667	28.625	43.5666666667
87706	35.083569	-81.046149	35.306824	-80.686897	36.1 mi	48 mins	33.724	50.5	33.724	50.5
87707	35.227134	-80.739173	35.235770	-80.719864	2.3 mi	6 mins	2.258	6.71666666667	2.258	6.71666666667
87708	35.038351	-80.839750	35.494978	-80.830733	40.1 mi	46 mins	39.416	43.95	39.416	43.95
87709	35.467355	-80.880001	35.085623	-80.890396	31.2 mi	35 mins	31.752	36.1666666667	31.752	36.1666666667
87710	35.020918	-80.821539	35.481896	-80.850417	38.8 mi	46 mins	38.809	45.5	38.809	45.5
87711	35.177057	-80.594471	35.409417	-80.954284	36.0 mi	47 mins	33.73	49.7333333333	33.73	49.7333333333
87712	35.482327	-80.892911	35.133083	-80.660447	33.7 mi	43 mins	34.443	41.0333333333	34.443	41.0333333333
87713	35.439054	-80.896365	35.042898	-80.807315	35.1 mi	39 mins	35.517	38.3666666667	35.517	38.3666666667
87714	35.226905	-80.897608	35.242153	-80.885489	2.3 mi	7 mins	1.915	6.21666666667	1.915	6.21666666667
87715	35.349491	-80.709179	35.084689	-81.029022	35.3 mi	42 mins	30.02	41.9333333333	30.02	41.9333333333
87716	35.060848	-80.847987	35.470204	-80.936327	38.6 mi	44 mins	38.609	47.6	38.609	47.6
87717	35.379696	-80.903360	35.023450	-80.834931	34.1 mi	39 mins	30.485	38.85	30.485	38.85
87718	35.308231	-80.714339	35.302222	-80.693219	2.3 mi	5 mins	2.298	6.81666666667	2.298	6.81666666667
87719	35.163071	-80.992022	35.498755	-80.842205	32.3 mi	36 mins	32.022	37.4666666667	32.022	37.4666666667
87720	35.428703	-80.881857	35.038373	-80.773827	36.7 mi	42 mins	36.622	42.05	36.622	42.05
87721	35.142789	-80.654101	35.473788	-80.802181	33.8 mi	41 mins	35.866	47.5	35.866	47.5
87722	35.448893	-80.872929	35.452917	-80.860374	3.2 mi	7 mins	3.198	7.75	3.198	7.75
87723	35.037168	-80.793058	35.406752	-80.894637	35.3 mi	41 mins	35.316	40.3833333333	35.316	40.3833333333
87724	35.051560	-80.803730	35.029878	-80.807623	2.5 mi	5 mins	1.953	4.43333333333	1.953	4.43333333333
87725	35.053840	-80.792319	35.457080	-80.887382	36.7 mi	42 mins	36.76	40.9333333333	36.76	40.9333333333
87726	35.336629	-80.961642	35.186225	-80.600379	34.2 mi	37 mins	26.3	35.1	26.3	35.1
87727	35.188492	-80.648468	35.066921	-81.048668	35.3 mi	43 mins	36.769	47.5833333333	36.769	47.5833333333
87728	35.176953	-80.663993	35.500482	-80.849365	32.2 mi	40 mins	32.175	35.7	32.175	35.7
87729	35.480484	-80.861033	35.030518	-80.798334	39.9 mi	47 mins	39.923	45.4166666667	39.923	45.4166666667
87730	35.068563	-80.743996	35.412170	-80.901263	31.3 mi	46 mins	31.644	42.15	31.644	42.15
87731	35.274513	-80.695015	35.095390	-81.033323	32.5 mi	38 mins	28.827	38.7666666667	28.827	38.7666666667
87732	35.423857	-80.843897	35.087962	-81.020968	31.2 mi	38 mins	29.799	35.8833333333	29.799	35.8833333333
87733	35.020277	-80.820738	35.481765	-80.855101	38.5 mi	44 mins	38.541	44.2333333333	38.541	44.2333333333
87734	35.475461	-80.857414	35.070792	-81.046896	36.5 mi	45 mins	38.124	47.4833333333	38.124	47.4833333333
87735	35.075243	-80.991553	35.067926	-81.002307	0.9 mi	3 mins	0.912	3.48333333333	0.912	3.48333333333
87736	35.101760	-80.748657	35.473496	-80.808688	34.2 mi	46 mins	34.408	45.9166666667	34.408	45.9166666667
87737	35.058646	-80.806488	35.422111	-80.874400	32.5 mi	38 mins	32.558	36.6166666667	32.558	36.6166666667
87738	35.137747	-80.710183	35.500660	-80.891919	30.5 mi	37 mins	30.553	37.7666666667	30.553	37.7666666667
87739	35.482327	-80.892911	35.102456	-80.789054	31.0 mi	42 mins	31.3	39.4833333333	31.3	39.4833333333
87740	35.073224	-80.799253	35.418140	-80.907556	36.2 mi	45 mins	30.4	42.2	30.4	42.2
87741	35.409417	-80.954284	35.194143	-80.626809	33.2 mi	46 mins	31.882	48.2666666667	31.882	48.2666666667
87742	35.438931	-80.899878	35.073693	-80.725111	32.6 mi	44 mins	32.82	42.7333333333	32.82	42.7333333333
87743	35.073852	-81.007068	35.308096	-80.729312	27.8 mi	36 mins	27.838	36.4666666667	27.838	36.4666666667
87744	35.252228	-80.868740	35.233109	-80.876259	1.8 mi	6 mins	1.809	6.6	1.809	6.6
87745	35.400018	-80.916741	35.192153	-80.585606	33.9 mi	41 mins	33.105	44.4166666667	33.105	44.4166666667
87746	35.423773	-80.871937	35.052604	-81.041028	33.2 mi	41 mins	33.28	48.6833333333	33.28	48.6833333333
87747	35.507511	-80.854937	35.110117	-81.003360	34.9 mi	38 mins	36.061	41.1833333333	36.061	41.1833333333
87748	35.293724	-80.688190	35.076439	-81.028623	31.8 mi	45 mins	30.175	48.8	30.175	48.8
87749	35.488625	-80.864743	35.172149	-80.663247	31.2 mi	39 mins	31.19	36.9	31.19	36.9
87750	35.383537	-80.913389	35.081106	-80.709335	30.1 mi	42 mins	28.525	40.2	28.525	40.2
87751	35.175277	-80.775217	35.187438	-80.789639	3.6 mi	10 mins	3.765	9.53333333333	3.765	9.53333333333
87752	35.113358	-80.967825	35.470419	-80.859938	32.1 mi	35 mins	31.194	35.5666666667	31.194	35.5666666667
87753	35.467905	-80.930002	35.165184	-80.717337	31.6 mi	39 mins	31.28	43.0166666667	31.28	43.0166666667
87754	35.235930	-80.824335	35.226201	-80.821440	1.2 mi	3 mins	0.95	3.2	0.95	3.2
87755	35.222850	-80.600197	35.471440	-80.896933	34.6 mi	40 mins	32.744	40.5333333333	32.744	40.5333333333
87756	35.050969	-80.813687	35.427665	-80.852786	32.4 mi	37 mins	32.495	36.4833333333	32.495	36.4833333333
87757	35.404897	-80.837859	35.032280	-80.814322	33.3 mi	38 mins	33.787	38.0666666667	33.787	38.0666666667
87758	35.103660	-81.027579	35.271403	-80.680629	32.2 mi	46 mins	30.697	47.1	30.697	47.1
87759	35.036042	-80.817879	35.454689	-80.890029	36.5 mi	42 mins	36.482	41.0166666667	36.482	41.0166666667
87760	35.327931	-80.695711	35.329643	-80.705364	1.2 mi	4 mins	1.183	3.7	1.183	3.7
87761	35.196941	-80.597211	35.141660	-80.974903	31.3 mi	36 mins	32.583	37.4833333333	32.583	37.4833333333
87762	35.079287	-80.737838	35.466545	-80.887312	33.4 mi	44 mins	33.768	42.15	33.768	42.15
87763	35.095682	-80.732411	35.482000	-80.853086	33.0 mi	44 mins	33.979	40.9333333333	33.979	40.9333333333
87764	35.206717	-80.630586	35.069469	-81.033995	34.6 mi	39 mins	35.991	42.5666666667	35.991	42.5666666667
87765	35.475006	-80.932153	35.172493	-80.660003	34.0 mi	43 mins	34.214	45.0833333333	34.214	45.0833333333
87766	35.108117	-80.775593	35.481909	-80.849393	29.8 mi	40 mins	29.83	36.4666666667	29.83	36.4666666667
87767	35.031680	-80.792602	35.381891	-80.918880	35.2 mi	41 mins	33.558	42.1166666667	33.558	42.1166666667
87768	35.041420	-80.798829	35.404758	-80.830962	34.2 mi	42 mins	33.944	40.4166666667	33.944	40.4166666667
87769	35.284282	-80.802856	35.293820	-80.803889	1.4 mi	3 mins	1.489	3.85	1.489	3.85
87770	35.093877	-80.804771	35.461809	-80.784325	36.9 mi	45 mins	36.956	45.1	36.956	45.1
87771	35.074950	-80.833111	35.469713	-80.829514	34.8 mi	42 mins	34.807	42.45	34.807	42.45
87772	35.106632	-80.789680	35.104714	-80.773469	2.5 mi	5 mins	2.399	6.88333333333	2.399	6.88333333333
87773	35.478989	-80.896732	35.108326	-80.748769	32.3 mi	41 mins	33.364	41.0	33.364	41.0
87774	35.085619	-80.912783	35.497820	-80.847307	33.6 mi	40 mins	33.439	38.3666666667	33.439	38.3666666667
87775	35.434599	-80.843766	35.026170	-80.860109	34.4 mi	40 mins	34.249	38.75	34.249	38.75
87776	35.048125	-80.773618	35.480926	-80.815166	42.4 mi	47 mins	36.784	48.05	36.784	48.05
87777	35.039995	-80.852643	35.406638	-80.864276	30.7 mi	36 mins	30.338	32.7	30.338	32.7
87778	35.052182	-80.849767	35.448829	-80.884700	34.5 mi	41 mins	32.373	35.7666666667	32.373	35.7666666667
87779	35.462756	-80.891620	35.100074	-80.967513	31.3 mi	36 mins	31.332	35.9333333333	31.332	35.9333333333
87780	35.396600	-80.883397	35.067559	-80.730943	30.4 mi	42 mins	30.569	41.2166666667	30.569	41.2166666667
87781	35.419456	-80.879300	35.064862	-81.017465	31.7 mi	38 mins	31.809	44.5	31.809	44.5
87782	35.235877	-80.662144	35.084821	-81.040030	32.4 mi	47 mins	31.782	49.5166666667	31.782	49.5166666667
87783	35.037847	-80.801057	35.044962	-80.808601	1.1 mi	4 mins	0.949	3.53333333333	0.949	3.53333333333
87784	35.490045	-80.891430	35.177734	-80.595454	36.8 mi	44 mins	35.869	45.8333333333	35.869	45.8333333333
87785	35.114600	-81.029175	35.425547	-80.792478	31.5 mi	38 mins	33.062	47.0666666667	33.062	47.0666666667
87786	35.473116	-80.829059	35.049864	-80.807218	37.8 mi	43 mins	36.697	43.8166666667	36.697	43.8166666667
87787	35.109240	-80.853265	35.506613	-80.852756	32.4 mi	41 mins	32.414	38.55	32.414	38.55
87788	35.099149	-81.029604	35.374329	-80.780433	31.4 mi	40 mins	31.28	41.5	31.28	41.5
87789	35.123712	-80.988841	35.195022	-80.626028	33.2 mi	40 mins	34.554	41.9333333333	34.554	41.9333333333
87790	35.106713	-80.886409	35.466178	-80.834060	31.4 mi	36 mins	29.718	35.75	29.718	35.75
87791	35.104561	-80.793216	35.469466	-80.784454	32.8 mi	46 mins	32.877	46.2833333333	32.877	46.2833333333
87792	35.476083	-80.866714	35.132902	-80.663291	33.9 mi	45 mins	34.687	42.15	34.687	42.15
87793	35.135597	-80.753018	35.482530	-80.886446	29.6 mi	36 mins	30.023	35.8833333333	30.023	35.8833333333
87794	35.188997	-80.864951	35.180461	-80.872755	1.1 mi	4 mins	1.103	4.06666666667	1.103	4.06666666667
87795	35.108410	-80.854637	35.481753	-80.859487	30.4 mi	37 mins	30.398	34.4833333333	30.398	34.4833333333
87796	35.069915	-80.884003	35.491686	-80.832180	36.2 mi	42 mins	35.662	39.25	35.662	39.25
87797	35.252999	-80.820580	35.258282	-80.814168	1.2 mi	3 mins	1.17	3.05	1.17	3.05
87798	35.485912	-80.894060	35.466189	-80.885561	2.0 mi	5 mins	1.971	5.41666666667	1.971	5.41666666667
87799	35.232908	-80.811071	35.224337	-80.831713	1.8 mi	4 mins	1.935	4.28333333333	1.935	4.28333333333
87800	35.150720	-80.706368	35.137722	-80.704631	1.5 mi	4 mins	1.484	5.21666666667	1.484	5.21666666667
87801	35.433955	-80.893735	35.061907	-80.737118	38.9 mi	44 mins	33.039	45.05	33.039	45.05
87802	35.082874	-80.993040	35.328884	-80.702162	30.3 mi	40 mins	27.603	37.3833333333	27.603	37.3833333333
87803	35.121082	-80.845354	35.120949	-80.857216	1.2 mi	4 mins	1.248	4.63333333333	1.248	4.63333333333
87804	35.137467	-80.683277	35.470313	-80.934479	34.4 mi	43 mins	34.85	45.0666666667	34.85	45.0666666667
87805	35.346358	-80.776334	35.336179	-80.772091	1.2 mi	3 mins	1.152	2.83333333333	1.152	2.83333333333
87806	35.196645	-80.575453	35.470305	-80.927260	39.9 mi	46 mins	38.01	52.7166666667	38.01	52.7166666667
87807	35.116439	-80.755243	35.503051	-80.863593	30.7 mi	38 mins	32.175	37.0666666667	32.175	37.0666666667
87808	35.441671	-80.857337	35.429682	-80.850638	2.0 mi	4 mins	1.968	4.36666666667	1.968	4.36666666667
87809	35.043925	-80.843333	35.491790	-80.826978	39.0 mi	44 mins	38.865	42.9166666667	38.865	42.9166666667
87810	35.147463	-80.888178	35.133696	-80.900872	2.6 mi	7 mins	2.88	7.1	2.88	7.1
87811	35.026597	-80.848484	35.459010	-80.785502	38.4 mi	43 mins	38.412	44.2166666667	38.412	44.2166666667
87812	35.246299	-80.894320	35.259990	-80.895713	1.2 mi	3 mins	1.172	3.25	1.172	3.25
87813	35.474439	-80.887129	35.109804	-80.803809	30.7 mi	41 mins	31.092	39.85	31.092	39.85
87814	35.063933	-80.763243	35.490104	-80.867414	38.6 mi	41 mins	32.534	39.4	32.534	39.4
87815	35.132952	-80.645922	35.415569	-80.923274	36.4 mi	46 mins	34.717	45.2166666667	34.717	45.2166666667
87816	35.094986	-81.030097	35.305546	-80.680678	32.8 mi	44 mins	29.996	39.8166666667	29.996	39.8166666667
87817	35.046069	-80.863900	35.483609	-80.849722	36.7 mi	43 mins	35.603	40.85	35.603	40.85
87818	35.474439	-80.862478	35.042320	-80.854147	35.3 mi	40 mins	36.763	39.95	36.763	39.95
87819	35.460052	-80.914683	35.134030	-80.700471	33.9 mi	45 mins	35.229	47.4	35.229	47.4
87820	35.180978	-80.883594	35.198110	-80.892836	3.1 mi	7 mins	3.006	6.01666666667	3.006	6.01666666667
87821	35.129926	-80.763559	35.481752	-80.852893	28.8 mi	38 mins	30.275	37.25	30.275	37.25
87822	35.091026	-81.044316	35.143344	-80.662594	31.0 mi	38 mins	30.999	40.2166666667	30.999	40.2166666667
87823	35.405783	-80.838221	35.084682	-81.046423	31.9 mi	39 mins	32.649	43.1666666667	32.649	43.1666666667
87824	35.053639	-80.801232	35.477669	-80.892649	37.4 mi	41 mins	37.455	40.7666666667	37.455	40.7666666667
87825	35.329122	-80.853753	35.346889	-80.865897	2.0 mi	5 mins	2.039	5.68333333333	2.039	5.68333333333
87826	35.466633	-80.858750	35.113231	-80.965960	31.9 mi	36 mins	29.445	36.65	29.445	36.65
87827	35.340922	-80.708355	35.134002	-81.011808	30.0 mi	33 mins	29.721	38.6	29.721	38.6
87828	35.104972	-81.020271	35.474136	-80.824817	35.5 mi	42 mins	35.692	45.7666666667	35.692	45.7666666667
87829	35.427866	-80.846954	35.040794	-80.852302	31.6 mi	36 mins	31.629	35.7833333333	31.629	35.7833333333
87830	35.454753	-80.926487	35.126117	-80.769942	33.2 mi	47 mins	32.873	49.05	32.873	49.05
87831	35.075584	-80.829309	35.462470	-80.810659	35.1 mi	41 mins	35.231	40.65	35.231	40.65
87832	35.085862	-80.824081	35.477045	-80.884480	34.1 mi	39 mins	34.112	37.3166666667	34.112	37.3166666667
87833	35.295903	-80.876135	35.287824	-80.893903	1.8 mi	4 mins	1.804	4.98333333333	1.804	4.98333333333
87834	35.425353	-80.877610	35.099932	-81.034355	31.2 mi	37 mins	32.884	38.75	32.884	38.75
87835	35.428334	-80.928686	35.025122	-80.856248	37.5 mi	42 mins	37.561	41.1166666667	37.561	41.1166666667
87836	35.152302	-80.959804	35.159448	-80.970648	1.0 mi	2 mins	0.953	1.8	0.953	1.8
87837	35.152830	-80.727784	35.498474	-80.844951	29.8 mi	36 mins	29.809	32.65	29.809	32.65
87838	35.467493	-80.814538	35.093170	-80.817744	37.9 mi	45 mins	36.792	44.2	36.792	44.2
87839	35.500667	-80.887108	35.123060	-80.965864	33.7 mi	37 mins	30.913	38.8833333333	30.913	38.8833333333
87840	35.472050	-80.858555	35.093364	-80.693959	33.6 mi	43 mins	35.324	41.7666666667	35.324	41.7666666667
87841	35.105456	-80.993602	35.502978	-80.863894	33.4 mi	35 mins	33.192	35.8	33.192	35.8
87842	35.031709	-80.836177	35.394929	-80.922319	34.3 mi	41 mins	31.984	40.85	31.984	40.85
87843	35.223302	-80.611130	35.214864	-80.988915	24.4 mi	37 mins	24.741	35.8166666667	24.741	35.8166666667
87844	35.068626	-81.006616	35.446338	-80.906862	34.9 mi	40 mins	34.913	41.95	34.913	41.95
87845	35.059289	-80.790099	35.475228	-80.801533	41.4 mi	46 mins	41.428	48.4666666667	41.428	48.4666666667
87846	35.079957	-80.846955	35.464153	-80.856899	32.0 mi	39 mins	31.771	37.65	31.771	37.65
87847	35.082688	-80.895286	35.480228	-80.909943	33.8 mi	40 mins	34.217	40.6833333333	34.217	40.6833333333
87848	35.080461	-80.888661	35.064880	-80.888900	1.8 mi	5 mins	1.818	5.26666666667	1.818	5.26666666667
87849	35.420759	-80.842023	35.027240	-80.852327	31.9 mi	36 mins	31.959	34.0166666667	31.959	34.0166666667
87850	35.091102	-81.016998	35.482343	-80.891584	34.6 mi	38 mins	34.412	38.4833333333	34.412	38.4833333333
87851	35.119078	-81.026473	35.254028	-80.643557	37.9 mi	41 mins	39.888	48.3833333333	39.888	48.3833333333
87852	35.118000	-80.673385	35.495285	-80.845115	36.6 mi	43 mins	34.829	40.6833333333	34.829	40.6833333333
87853	35.442761	-80.896135	35.083496	-80.728759	31.3 mi	42 mins	31.46	39.7833333333	31.46	39.7833333333
87854	35.120844	-80.856925	35.510251	-80.840232	31.8 mi	40 mins	31.791	36.45	31.791	36.45
87855	35.090932	-80.716978	35.093961	-80.734909	1.9 mi	4 mins	1.937	5.25	1.937	5.25
87856	35.147204	-80.680699	35.507691	-80.855377	34.3 mi	42 mins	34.406	39.0833333333	34.406	39.0833333333
87857	35.429770	-80.843158	35.041372	-80.775950	35.8 mi	39 mins	35.678	38.6	35.678	38.6
87858	35.121798	-81.019754	35.331496	-80.708023	29.1 mi	37 mins	29.606	42.3833333333	29.606	42.3833333333
87859	35.275014	-80.732645	35.281930	-80.716966	1.4 mi	5 mins	1.418	5.15	1.418	5.15
87860	35.356228	-80.861338	35.352882	-80.875979	1.4 mi	3 mins	1.442	3.9	1.442	3.9
87861	35.093591	-80.736746	35.463072	-80.880597	31.6 mi	42 mins	32.574	41.55	32.574	41.55
87862	35.236316	-80.777998	35.222383	-80.788762	1.8 mi	5 mins	1.836	4.13333333333	1.836	4.13333333333
87863	35.088339	-80.995886	35.451340	-80.773262	36.9 mi	44 mins	36.026	46.2	36.026	46.2
87864	35.039346	-80.831961	35.404900	-80.905954	34.1 mi	40 mins	34.079	39.7	34.079	39.7
87865	35.190846	-80.591807	35.461506	-80.862634	34.7 mi	40 mins	32.783	43.1666666667	32.783	43.1666666667
87866	35.214040	-80.844836	35.220132	-80.842000	0.7 mi	2 mins	0.688	1.48333333333	0.688	1.48333333333
87867	35.188582	-80.617622	35.092300	-80.982781	30.9 mi	34 mins	32.351	38.8833333333	32.351	38.8833333333
87868	35.094883	-80.834331	35.494993	-80.854623	35.4 mi	40 mins	34.829	38.4333333333	34.829	38.4333333333
87869	35.158840	-80.804096	35.179369	-80.811328	2.1 mi	6 mins	2.076	4.81666666667	2.076	4.81666666667
87870	35.066864	-80.827539	35.056963	-80.817411	1.2 mi	3 mins	1.229	3.51666666667	1.229	3.51666666667
87871	35.098704	-81.035533	35.427561	-80.846911	31.8 mi	38 mins	31.675	39.1333333333	31.675	39.1333333333
87872	35.428776	-80.852569	35.054287	-80.771674	34.6 mi	38 mins	34.618	38.1166666667	34.618	38.1166666667
87873	35.494434	-80.911849	35.215527	-80.681806	31.0 mi	38 mins	31.014	39.9333333333	31.014	39.9333333333
87874	35.510190	-80.845841	35.154525	-80.922314	28.1 mi	32 mins	28.051	31.0	28.051	31.0
87875	35.243300	-80.731531	35.260965	-80.734914	2.5 mi	5 mins	2.471	5.58333333333	2.471	5.58333333333
87876	35.500660	-80.891919	35.063936	-80.777193	40.1 mi	44 mins	34.183	44.8333333333	34.183	44.8333333333
87877	35.052661	-80.864880	35.468607	-80.795630	37.9 mi	44 mins	36.757	44.2666666667	36.757	44.2666666667
87878	35.472645	-80.933668	35.020653	-80.828452	40.4 mi	47 mins	40.433	50.6333333333	40.433	50.6333333333
87879	35.381050	-80.913572	35.061094	-80.746552	35.8 mi	42 mins	28.154	42.2833333333	28.154	42.2833333333
87880	35.244336	-80.646764	35.082053	-80.987857	35.0 mi	40 mins	30.169	42.6166666667	30.169	42.6166666667
87881	35.084149	-81.045425	35.469927	-80.790134	40.3 mi	49 mins	40.754	54.4666666667	40.754	54.4666666667
87882	35.249577	-80.772371	35.231450	-80.767001	2.2 mi	5 mins	2.17	4.56666666667	2.17	4.56666666667
87883	35.451906	-80.858385	35.089654	-80.910509	29.4 mi	35 mins	30.446	36.2833333333	30.446	36.2833333333
87884	35.052265	-81.032346	35.377793	-80.795500	31.9 mi	38 mins	31.716	45.95	31.716	45.95
87885	35.253653	-80.727668	35.253384	-80.728969	0.3 mi	1 min	0.325	1.46666666667	0.325	1.46666666667
87886	35.468898	-80.922886	35.184137	-80.662518	33.5 mi	42 mins	33.525	44.45	33.525	44.45
87887	35.432242	-80.938869	35.024666	-80.843000	37.8 mi	43 mins	38.137	42.4166666667	38.137	42.4166666667
87888	35.107341	-80.804387	35.459484	-80.882197	29.1 mi	39 mins	29.492	38.65	29.492	38.65
87889	35.486091	-80.878975	35.053782	-80.832771	35.6 mi	39 mins	35.781	38.75	35.781	38.75
87890	35.257703	-80.667508	35.096572	-81.033791	39.5 mi	44 mins	34.291	44.1166666667	34.291	44.1166666667
87891	35.462763	-80.890506	35.067384	-81.003141	35.0 mi	39 mins	35.028	40.9833333333	35.028	40.9833333333
87892	35.446125	-80.890448	35.072127	-81.014080	32.2 mi	36 mins	32.303	39.75	32.303	39.75
87893	35.313706	-80.783057	35.329011	-80.785487	1.4 mi	4 mins	1.383	3.35	1.383	3.35
87894	35.101384	-80.800605	35.500119	-80.848111	32.2 mi	43 mins	32.815	40.3666666667	32.815	40.3666666667
87895	35.163785	-80.851161	35.153715	-80.838841	1.9 mi	5 mins	1.782	5.45	1.782	5.45
87896	35.086765	-80.998304	35.477043	-80.782392	39.8 mi	47 mins	37.622	50.7833333333	37.622	50.7833333333
87897	35.494935	-80.831816	35.086715	-81.031259	38.5 mi	46 mins	38.353	44.2666666667	38.353	44.2666666667
87898	35.312308	-80.809685	35.295878	-80.798602	1.3 mi	3 mins	1.314	2.66666666667	1.314	2.66666666667
87899	35.486410	-80.879307	35.183000	-80.639497	34.3 mi	39 mins	32.58	39.2166666667	32.58	39.2166666667
87900	35.288802	-80.964709	35.285206	-80.977029	2.7 mi	6 mins	2.67	6.88333333333	2.67	6.88333333333
87901	35.287226	-80.712655	35.053415	-81.044672	31.7 mi	43 mins	30.07	49.75	30.07	49.75
87902	35.144217	-80.661139	35.489829	-80.856265	34.6 mi	45 mins	35.081	43.2333333333	35.081	43.2333333333
87903	35.477721	-80.917227	35.112541	-80.744560	33.0 mi	42 mins	33.981	43.95	33.981	43.95
87904	35.461802	-80.858217	35.145712	-80.675730	30.7 mi	41 mins	31.831	41.4166666667	31.831	41.4166666667
87905	35.438231	-80.896188	35.168867	-80.600234	33.3 mi	38 mins	32.929	39.9833333333	32.929	39.9833333333
87906	35.481977	-80.893308	35.108802	-80.791009	30.1 mi	40 mins	30.417	38.8666666667	30.417	38.8666666667
87907	35.122320	-81.031373	35.469628	-80.929228	36.1 mi	41 mins	37.301	51.7166666667	37.301	51.7166666667
87908	35.110346	-81.027259	35.380674	-80.744409	33.1 mi	40 mins	34.293	47.0	34.293	47.0
87909	35.404208	-80.843028	35.028398	-80.820160	32.3 mi	38 mins	32.692	36.9833333333	32.692	36.9833333333
87910	35.452359	-80.856656	35.079865	-80.721179	32.5 mi	45 mins	33.924	44.8833333333	33.924	44.8833333333
87911	35.469620	-80.830575	35.101945	-80.765119	33.4 mi	43 mins	30.868	41.6833333333	30.868	41.6833333333
87912	35.491115	-80.897080	35.202596	-80.677970	31.4 mi	39 mins	31.429	38.7166666667	31.429	38.7166666667
87913	35.163245	-80.996115	35.224294	-80.632205	34.3 mi	37 mins	33.083	37.6166666667	33.083	37.6166666667
87914	35.172493	-80.660003	35.482787	-80.884355	30.7 mi	38 mins	30.887	34.7166666667	30.887	34.7166666667
87915	35.489024	-80.881730	35.179342	-80.648494	31.8 mi	40 mins	31.897	37.8333333333	31.897	37.8333333333
87916	35.197744	-80.849166	35.203208	-80.856002	0.7 mi	2 mins	0.661	2.23333333333	0.661	2.23333333333
87917	35.321060	-80.695322	35.327931	-80.695711	0.7 mi	2 mins	0.672	2.18333333333	0.672	2.18333333333
87918	35.108791	-80.831080	35.496891	-80.840645	36.9 mi	43 mins	31.848	39.0666666667	31.848	39.0666666667
87919	35.101925	-80.995866	35.172315	-80.614274	30.3 mi	35 mins	30.293	33.7833333333	30.293	33.7833333333
87920	35.483447	-80.882636	35.095550	-80.731875	32.3 mi	41 mins	32.585	40.35	32.585	40.35
87921	35.067207	-80.773562	35.442656	-80.859853	28.7 mi	39 mins	28.696	35.3333333333	28.696	35.3333333333
87922	35.237918	-80.709299	35.073044	-81.050170	30.2 mi	45 mins	30.017	46.7333333333	30.017	46.7333333333
87923	35.344538	-80.743923	35.326786	-80.732116	3.0 mi	8 mins	2.972	9.98333333333	2.972	9.98333333333
87924	35.192153	-80.585606	35.495925	-80.837149	33.0 mi	39 mins	35.176	43.9	35.176	43.9
87925	35.081681	-80.853115	35.507239	-80.852411	34.7 mi	40 mins	34.362	37.0	34.362	37.0
87926	35.234345	-80.684895	35.246592	-80.679432	1.0 mi	3 mins	1.053	4.11666666667	1.053	4.11666666667
87927	35.188505	-80.857393	35.198002	-80.868827	1.6 mi	5 mins	1.554	5.16666666667	1.554	5.16666666667
87928	35.488768	-80.910227	35.129040	-80.848909	30.2 mi	37 mins	30.208	37.7833333333	30.208	37.7833333333
87929	35.426184	-80.883004	35.059837	-80.876486	30.9 mi	39 mins	30	36.4833333333	30	36.4833333333
87930	35.458376	-80.924145	35.025409	-80.826058	40.8 mi	49 mins	40.832	53.05	40.832	53.05
87931	35.041808	-80.870395	35.485784	-80.850505	35.9 mi	44 mins	36.382	41.9166666667	36.382	41.9166666667
87932	35.105009	-80.774607	35.464076	-80.831574	29.9 mi	40 mins	29.942	39.15	29.942	39.15
87933	35.150016	-80.999365	35.148614	-80.997690	0.1 mi	1 min	0.141	0.416666666667	0.141	0.416666666667
87934	35.108346	-80.995365	35.506900	-80.851032	36.4 mi	41 mins	36.88	44.1666666667	36.88	44.1666666667
87935	35.134932	-80.707675	35.466210	-80.886663	29.1 mi	36 mins	29.146	34.3666666667	29.146	34.3666666667
87936	35.117526	-80.679444	35.121969	-80.682933	0.5 mi	1 min	0.462	1.75	0.462	1.75
87937	35.079120	-80.735593	35.099574	-80.732552	1.7 mi	3 mins	1.724	3.23333333333	1.724	3.23333333333
87938	35.027910	-80.808043	35.476873	-80.814695	40.7 mi	46 mins	40.705	45.4833333333	40.705	45.4833333333
87939	35.489399	-80.915154	35.223357	-80.629088	33.2 mi	39 mins	34.003	42.0666666667	34.003	42.0666666667
87940	35.210265	-80.844336	35.220797	-80.855527	1.2 mi	3 mins	1.186	3.15	1.186	3.15
87941	35.448657	-80.872491	35.102809	-80.734563	28.8 mi	37 mins	29.01	36.2	29.01	36.2
87942	35.072368	-80.862945	35.070296	-80.883937	4.3 mi	11 mins	4.528	10.15	4.528	10.15
87943	35.442473	-80.898240	35.227491	-80.608770	30.9 mi	36 mins	31.716	37.0166666667	31.716	37.0166666667
87944	35.470576	-80.863102	35.464760	-80.861041	0.8 mi	3 mins	0.712	2.71666666667	0.712	2.71666666667
87945	35.076890	-81.050130	35.413890	-80.836227	33.0 mi	41 mins	33.318	43.5833333333	33.318	43.5833333333
87946	35.058554	-80.879372	35.486426	-80.849477	34.4 mi	41 mins	34.253	38.9833333333	34.253	38.9833333333
87947	35.484937	-80.858869	35.066741	-80.728442	34.9 mi	46 mins	35.102	43.1666666667	35.102	43.1666666667
87948	35.080869	-80.888843	35.493668	-80.832750	35.5 mi	41 mins	34.714	37.85	34.714	37.85
87949	35.402895	-80.759417	35.071348	-81.018716	32.0 mi	38 mins	32.063	45.7833333333	32.063	45.7833333333
87950	35.074786	-80.796818	35.472268	-80.828085	38.9 mi	46 mins	33.159	44.7166666667	33.159	44.7166666667
87951	35.481336	-80.870472	35.497746	-80.861909	2.4 mi	5 mins	2.443	5.06666666667	2.443	5.06666666667
87952	35.405770	-80.772614	35.043032	-80.866722	33.6 mi	41 mins	33.188	45.8833333333	33.188	45.8833333333
87953	35.099118	-80.969011	35.483345	-80.851270	33.3 mi	38 mins	33.335	37.5	33.335	37.5
87954	35.211246	-80.809406	35.200587	-80.791893	1.8 mi	5 mins	1.852	5.0	1.852	5.0
87955	35.031134	-80.831932	35.442601	-80.859929	34.2 mi	38 mins	33.484	36.2166666667	33.484	36.2166666667
87956	35.038138	-80.774904	35.504272	-80.849575	41.7 mi	45 mins	35.995	43.35	35.995	43.35
87957	35.060628	-80.803277	35.495522	-80.887422	37.7 mi	42 mins	37.68	42.6833333333	37.68	42.6833333333
87958	35.084200	-80.801134	35.494312	-80.833043	35.2 mi	48 mins	34.455	43.0	34.455	43.0
87959	35.500764	-80.888685	35.150332	-80.667115	34.5 mi	45 mins	34.555	45.5333333333	34.555	45.5333333333
87960	35.464802	-80.912815	35.067823	-80.730959	36.5 mi	49 mins	36.718	50.1833333333	36.718	50.1833333333
87961	35.481075	-80.880903	35.030188	-80.841742	35.9 mi	38 mins	35.923	37.2833333333	35.923	37.2833333333
87962	35.336164	-80.811286	35.355788	-80.814046	2.7 mi	6 mins	2.739	6.61666666667	2.739	6.61666666667
87963	35.501933	-80.878347	35.125794	-80.857220	30.2 mi	39 mins	30.294	38.5166666667	30.294	38.5166666667
87964	35.359108	-80.754300	35.065497	-81.013248	31.9 mi	38 mins	31.916	42.0666666667	31.916	42.0666666667
87965	35.129444	-80.692624	35.445997	-80.883274	31.0 mi	41 mins	28.749	34.2166666667	28.749	34.2166666667
87966	35.249232	-80.627102	35.141912	-81.027594	37.9 mi	41 mins	31.164	47.5166666667	31.164	47.5166666667
87967	35.098567	-80.951578	35.476696	-80.782245	37.1 mi	42 mins	35.194	44.75	35.194	44.75
87968	35.094471	-80.696500	35.449685	-80.772584	34.6 mi	38 mins	36.215	39.85	36.215	39.85
87969	35.312185	-80.879630	35.319902	-80.891997	0.9 mi	1 min	0.884	1.46666666667	0.884	1.46666666667
87970	35.053146	-80.809349	35.427674	-80.858887	32.3 mi	37 mins	32.321	36.2666666667	32.321	36.2666666667
87971	35.084748	-80.884392	35.460489	-80.785968	33.1 mi	37 mins	33.146	37.4166666667	33.146	37.4166666667
87972	35.064067	-80.885411	35.491008	-80.824889	36.8 mi	44 mins	36.704	42.5666666667	36.704	42.5666666667
87973	35.305259	-80.982755	35.125085	-80.662257	34.4 mi	35 mins	27.549	34.9833333333	27.549	34.9833333333
87974	35.261469	-80.890933	35.272803	-80.884119	1.1 mi	3 mins	1.091	3.03333333333	1.091	3.03333333333
87975	35.345188	-80.750505	35.071348	-81.018716	29.3 mi	37 mins	28.082	41.25	28.082	41.25
87976	35.420236	-80.826214	35.077047	-81.020270	31.3 mi	39 mins	31.308	43.1666666667	31.308	43.1666666667
87977	35.201080	-80.671396	35.065411	-81.043657	31.1 mi	45 mins	30.505	45.5166666667	30.505	45.5166666667
87978	35.311601	-80.797733	35.331881	-80.795764	3.1 mi	8 mins	3.929	8.9	3.929	8.9
87979	35.473639	-80.934747	35.066044	-80.785486	40.9 mi	48 mins	40.948	51.1	40.948	51.1
87980	35.298334	-80.703522	35.074767	-81.019871	29.7 mi	39 mins	28.133	41.5666666667	28.133	41.5666666667
87981	35.211381	-80.620870	35.468590	-80.887994	32.7 mi	40 mins	30.794	40.2666666667	30.794	40.2666666667
87982	35.433446	-80.861430	35.025409	-80.826058	35.5 mi	42 mins	33.63	40.5166666667	33.63	40.5166666667
87983	35.106432	-80.803276	35.463359	-80.856925	28.8 mi	40 mins	28.907	39.7666666667	28.907	39.7666666667
87984	35.049441	-80.873370	35.453488	-80.861153	32.9 mi	39 mins	32.85	38.85	32.85	38.85
87985	35.164994	-80.768070	35.161218	-80.751134	2.1 mi	6 mins	2.116	6.8	2.116	6.8
87986	35.481336	-80.870472	35.154494	-80.682707	31.0 mi	38 mins	31.001	37.9166666667	31.001	37.9166666667
87987	35.404593	-80.847779	35.024840	-80.849915	31.4 mi	36 mins	31.447	34.3666666667	31.447	34.3666666667
87988	35.478361	-80.864743	35.045462	-80.843457	35.7 mi	41 mins	35.777	38.95	35.777	38.95
87989	35.475341	-80.853982	35.481909	-80.849393	1.0 mi	4 mins	0.975	3.01666666667	0.975	3.01666666667
87990	35.187816	-80.729134	35.178083	-80.733667	0.8 mi	2 mins	0.804	1.86666666667	0.804	1.86666666667
87991	35.478965	-80.856509	35.042598	-80.780109	40.1 mi	44 mins	40.135	42.25	40.135	42.25
87992	35.122320	-81.031373	35.506037	-80.804050	38.2 mi	45 mins	39.437	53.8	39.437	53.8
87993	35.076860	-80.887521	35.503500	-80.857766	33.3 mi	37 mins	33.129	35.5333333333	33.129	35.5333333333
87994	35.401831	-80.936568	35.041330	-80.829766	34.3 mi	41 mins	32.897	42.15	32.897	42.15
87995	35.156302	-80.723216	35.162794	-80.727824	0.7 mi	3 mins	0.747	2.85	0.747	2.85
87996	35.489153	-80.913223	35.049357	-80.808483	38.2 mi	42 mins	38.227	44.2666666667	38.227	44.2666666667
87997	35.462591	-80.880430	35.099571	-80.991347	30.9 mi	34 mins	31.552	36.6	31.552	36.6
87998	35.178874	-80.699387	35.508664	-80.850741	30.7 mi	37 mins	30.675	36.2333333333	30.675	36.2333333333
87999	35.091287	-80.695993	35.454073	-80.888475	32.8 mi	41 mins	33.024	38.1	33.024	38.1
88000	35.095567	-80.747676	35.446457	-80.894377	30.9 mi	44 mins	32.925	42.0333333333	32.925	42.0333333333
88001	35.192895	-80.586911	35.084180	-81.021542	35.7 mi	43 mins	34.264	41.75	34.264	41.75
88002	35.067079	-80.828611	35.481670	-80.830311	39.0 mi	46 mins	39.164	45.2166666667	39.164	45.2166666667
88003	35.054427	-80.869645	35.048326	-80.859506	1.4 mi	5 mins	1.729	4.86666666667	1.729	4.86666666667
88004	35.090358	-80.814347	35.454340	-80.781971	36.9 mi	45 mins	36.905	45.0666666667	36.905	45.0666666667
88005	35.493458	-80.894315	35.048991	-81.037031	38.2 mi	47 mins	38.316	54.1	38.316	54.1
88006	35.057662	-80.869019	35.502216	-80.861453	36.9 mi	40 mins	35.694	38.6166666667	35.694	38.6166666667
88007	35.454073	-80.888475	35.072503	-81.021668	33.4 mi	38 mins	33.434	41.7166666667	33.434	41.7166666667
88008	35.282548	-80.829980	35.283007	-80.810215	2.3 mi	5 mins	2.256	6.73333333333	2.256	6.73333333333
88009	35.105044	-80.772197	35.474106	-80.828859	30.3 mi	41 mins	30.187	39.9	30.187	39.9
88010	35.090605	-80.996890	35.477128	-80.815834	36.6 mi	42 mins	36.415	43.6	36.415	43.6
88011	35.341154	-80.746342	35.340092	-80.754986	1.0 mi	3 mins	0.678	2.65	0.678	2.65
88012	35.180178	-80.717896	35.489399	-80.915154	29.4 mi	36 mins	29.457	37.7333333333	29.457	37.7333333333
88013	35.097005	-80.853015	35.480430	-80.895399	33.0 mi	38 mins	33.079	37.7666666667	33.079	37.7666666667
88014	35.242621	-80.737168	35.227668	-80.733329	1.8 mi	4 mins	1.587	3.36666666667	1.587	3.36666666667
88015	35.299473	-80.882212	35.311998	-80.885763	2.0 mi	5 mins	1.95	4.78333333333	1.95	4.78333333333
88016	35.182200	-80.610142	35.495256	-80.832691	31.2 mi	37 mins	33.547	40.5333333333	33.547	40.5333333333
88017	35.132904	-80.680913	35.115899	-80.681915	3.3 mi	9 mins	3.316	8.31666666667	3.316	8.31666666667
88018	35.072503	-81.021668	35.474985	-80.815575	38.3 mi	44 mins	38.079	48.95	38.079	48.95
88019	35.049977	-80.877581	35.436205	-80.817854	34.0 mi	40 mins	32.201	38.9833333333	32.201	38.9833333333
88020	35.107199	-80.731647	35.518049	-80.849825	37.0 mi	47 mins	36.397	44.1666666667	36.397	44.1666666667
88021	35.185424	-80.834827	35.193987	-80.853420	1.7 mi	5 mins	1.581	5.75	1.581	5.75
88022	35.432421	-80.944102	35.056134	-80.852550	35.8 mi	40 mins	35.862	38.8166666667	35.862	38.8166666667
88023	35.100694	-80.765190	35.493593	-80.853769	32.1 mi	42 mins	31.9	37.9833333333	31.9	37.9833333333
88024	35.449430	-80.882837	35.053840	-80.792319	37.2 mi	44 mins	35.336	39.9333333333	35.336	39.9333333333
88025	35.160006	-80.840569	35.173803	-80.841471	1.6 mi	5 mins	1.62	4.41666666667	1.62	4.41666666667
88026	35.305014	-80.896199	35.319906	-80.903794	1.4 mi	3 mins	1.443	3.45	1.443	3.45
88027	35.125342	-80.823998	35.508569	-80.852750	30.5 mi	41 mins	31.279	39.3166666667	31.279	39.3166666667
88028	35.249008	-80.782589	35.235824	-80.792984	1.6 mi	4 mins	1.598	3.41666666667	1.598	3.41666666667
88029	35.056944	-80.760119	35.429971	-80.854455	35.5 mi	41 mins	29.331	39.3333333333	29.331	39.3333333333
88030	35.096385	-80.845132	35.475559	-80.801852	37.4 mi	43 mins	37.421	45.5666666667	37.421	45.5666666667
88031	35.225439	-80.897766	35.242349	-80.886645	2.4 mi	7 mins	3.587	7.0	3.587	7.0
88032	35.227952	-80.633616	35.064862	-81.017465	36.3 mi	41 mins	30.865	46.5666666667	30.865	46.5666666667
88033	35.091287	-80.695993	35.314329	-80.980175	32.9 mi	35 mins	27.352	36.05	27.352	36.05
88034	35.293211	-80.722753	35.287332	-80.738470	1.6 mi	4 mins	1.609	5.25	1.609	5.25
88035	35.099824	-81.033877	35.483609	-80.849722	36.7 mi	43 mins	36.554	43.3166666667	36.554	43.3166666667
88036	35.420090	-80.851880	35.056726	-81.028913	32.8 mi	40 mins	33.257	47.8333333333	33.257	47.8333333333
88037	35.358721	-80.744441	35.072503	-81.021668	31.6 mi	40 mins	30.213	44.5	30.213	44.5
88038	35.094317	-80.989232	35.240280	-80.645612	29.7 mi	42 mins	29.335	40.9166666667	29.335	40.9166666667
88039	35.478760	-80.857250	35.497395	-80.857308	1.6 mi	5 mins	1.564	3.75	1.564	3.75
88040	35.103745	-80.771378	35.105252	-80.783694	1.1 mi	3 mins	1.107	2.81666666667	1.107	2.81666666667
88041	35.289590	-80.734116	35.275508	-80.744718	2.8 mi	7 mins	2.755	7.55	2.755	7.55
88042	35.079061	-80.802361	35.473229	-80.825998	38.4 mi	45 mins	32.67	44.7833333333	32.67	44.7833333333
88043	35.045985	-80.801788	35.481689	-80.848994	38.1 mi	44 mins	38.108	42.45	38.108	42.45
88044	35.041410	-80.776279	35.474648	-80.805760	41.8 mi	48 mins	36.105	48.1833333333	36.105	48.1833333333
88045	35.381479	-80.925399	35.058402	-80.740488	36.4 mi	43 mins	28.774	43.3833333333	28.774	43.3833333333
88046	35.178743	-80.594887	35.113834	-80.979977	31.9 mi	38 mins	31.932	38.9833333333	31.932	38.9833333333
88047	35.118193	-80.974756	35.492964	-80.831951	35.5 mi	40 mins	34.758	39.7333333333	34.758	39.7333333333
88048	35.218990	-80.855319	35.224578	-80.839999	1.3 mi	4 mins	1.159	3.25	1.159	3.25
88049	35.051222	-80.810745	35.452029	-80.853806	36.3 mi	42 mins	35.612	39.6333333333	35.612	39.6333333333
88050	35.026500	-80.838125	35.460209	-80.799911	38.8 mi	44 mins	38.844	44.8833333333	38.844	44.8833333333
88051	35.044866	-80.833912	35.456078	-80.889092	35.3 mi	42 mins	35.333	40.5833333333	35.333	40.5833333333
88052	35.493118	-80.860503	35.048179	-80.823269	37.9 mi	43 mins	38.474	41.4333333333	38.474	41.4333333333
88053	35.082987	-80.856334	35.093551	-80.838519	2.0 mi	5 mins	1.993	4.98333333333	1.993	4.98333333333
88054	35.485602	-80.883017	35.104190	-80.779121	29.3 mi	39 mins	29.785	35.9833333333	29.785	35.9833333333
88055	35.139330	-80.682799	35.502183	-80.861023	32.8 mi	38 mins	32.865	35.5	32.865	35.5
88056	35.448474	-80.873288	35.184073	-80.619322	31.6 mi	37 mins	30.799	38.5333333333	30.799	38.5333333333
88057	35.416318	-80.939050	35.027953	-80.813433	36.9 mi	46 mins	34.71	47.35	34.71	47.35
88058	35.189853	-80.699031	35.090886	-81.047191	26.4 mi	40 mins	26.461	36.9333333333	26.461	36.9333333333
88059	35.024067	-80.857472	35.420720	-80.880492	34.3 mi	41 mins	34.083	41.0833333333	34.083	41.0833333333
88060	35.497414	-80.886245	35.107067	-80.977832	32.6 mi	36 mins	31.352	38.3333333333	31.352	38.3333333333
88061	35.054750	-80.830169	35.502805	-80.863521	36.6 mi	39 mins	36.664	38.6333333333	36.664	38.6333333333
88062	35.052732	-80.807527	35.423317	-80.903242	34.8 mi	42 mins	34.928	41.65	34.928	41.65
88063	35.414812	-80.836573	35.090176	-80.994030	28.0 mi	33 mins	28.079	32.8333333333	28.079	32.8333333333
88064	35.171264	-80.996400	35.491510	-80.830313	33.5 mi	37 mins	33.034	38.0333333333	33.034	38.0333333333
88065	35.075659	-80.760548	35.459600	-80.886111	30.9 mi	42 mins	30.838	38.8333333333	30.838	38.8333333333
88066	35.036801	-80.784112	35.405935	-80.901776	37.3 mi	44 mins	31.538	43.65	31.538	43.65
88067	35.039285	-80.857454	35.429588	-80.853415	32.5 mi	39 mins	30.99	37.5166666667	30.99	37.5166666667
88068	35.492611	-80.860686	35.094285	-80.842836	35.0 mi	42 mins	34.868	37.7	34.868	37.7
88069	35.071816	-80.738329	35.467034	-80.782993	40.3 mi	48 mins	36.998	51.3666666667	36.998	51.3666666667
88070	35.497994	-80.884260	35.036020	-80.844488	36.7 mi	41 mins	36.702	41.25	36.702	41.25
88071	35.121209	-80.684613	35.504307	-80.858801	32.6 mi	40 mins	32.573	36.85	32.573	36.85
88072	35.096364	-80.867037	35.473172	-80.802962	35.7 mi	40 mins	34.109	40.65	34.109	40.65
88073	35.239797	-80.656583	35.100253	-80.993654	26.4 mi	40 mins	26.463	37.4833333333	26.463	37.4833333333
88074	35.266797	-80.944578	35.264703	-80.923823	1.9 mi	4 mins	1.93	4.25	1.93	4.25
88075	35.407231	-80.936302	35.117770	-80.693427	30.3 mi	41 mins	27.554	39.5833333333	27.554	39.5833333333
88076	35.444351	-80.885968	35.066141	-80.789817	35.4 mi	41 mins	34.74	37.9833333333	34.74	37.9833333333
88077	35.242239	-80.621610	35.164572	-80.978341	34.5 mi	37 mins	35.108	39.3166666667	35.108	39.3166666667
88078	35.418126	-80.882677	35.046376	-80.776775	35.6 mi	40 mins	35.647	41.05	35.647	41.05
88079	35.418126	-80.882677	35.050328	-80.807345	32.7 mi	37 mins	32.74	38.2166666667	32.74	38.2166666667
88080	35.429275	-80.881417	35.065804	-80.888635	30.1 mi	38 mins	29.756	37.5	29.756	37.5
88081	35.330033	-80.782920	35.350906	-80.789507	2.2 mi	5 mins	3.337	8.26666666667	3.337	8.26666666667
88082	35.051994	-80.808991	35.460411	-80.861074	35.3 mi	40 mins	35.383	40.1166666667	35.383	40.1166666667
88083	35.105171	-80.977129	35.490245	-80.844119	35.6 mi	42 mins	33.979	40.65	33.979	40.65
88084	35.278819	-80.854086	35.290500	-80.844517	1.5 mi	4 mins	1.526	4.6	1.526	4.6
88085	35.381955	-80.754133	35.085458	-81.019884	31.8 mi	39 mins	31.513	41.5333333333	31.513	41.5333333333
88086	35.244492	-80.861482	35.246711	-80.861020	0.3 mi	1 min	0.255	1.28333333333	0.255	1.28333333333
88087	35.250678	-80.644770	35.132187	-81.012500	37.0 mi	40 mins	34.782	43.8333333333	34.782	43.8333333333
88088	35.164912	-80.711666	35.492646	-80.898839	29.8 mi	36 mins	29.883	38.1166666667	29.883	38.1166666667
88089	35.142974	-80.772252	35.504341	-80.856725	28.5 mi	36 mins	29.91	34.1166666667	29.91	34.1166666667
88090	35.467071	-80.859876	35.029982	-80.839452	36.2 mi	41 mins	36.422	42.9	36.422	42.9
88091	35.470937	-80.861788	35.035832	-80.867289	36.4 mi	43 mins	37.035	43.6	37.035	43.6
88092	35.378355	-80.775833	35.356799	-80.770266	4.7 mi	9 mins	4.166	10.0166666667	4.166	10.0166666667
88093	35.440611	-80.874537	35.036290	-80.814959	34.5 mi	39 mins	34.522	38.0666666667	34.522	38.0666666667
88094	35.036042	-80.817879	35.430653	-80.898825	37.2 mi	44 mins	37.038	42.15	37.038	42.15
88095	35.327891	-80.721478	35.085396	-81.016534	31.6 mi	39 mins	26.99	37.75	26.99	37.75
88096	35.053077	-80.866062	35.480742	-80.852618	36.2 mi	41 mins	35.062	39.3833333333	35.062	39.3833333333
88097	35.452590	-80.889836	35.058106	-80.777299	37.4 mi	40 mins	37.275	40.2	37.275	40.2
88098	35.223122	-80.771587	35.218009	-80.769154	0.6 mi	1 min	0.552	2.15	0.552	2.15
88099	35.085303	-80.810258	35.478785	-80.882943	31.7 mi	42 mins	31.623	38.4833333333	31.623	38.4833333333
88100	35.158323	-80.644375	35.500254	-80.848584	32.9 mi	41 mins	34.008	38.4333333333	34.008	38.4333333333
88101	35.436594	-80.901074	35.061580	-80.739273	39.6 mi	46 mins	33.723	45.2666666667	33.723	45.2666666667
88102	35.023678	-80.838564	35.403839	-80.779072	34.3 mi	42 mins	35.872	50.15	35.872	50.15
88103	35.257703	-80.667508	35.104451	-81.025395	39.7 mi	46 mins	34.569	46.1166666667	34.569	46.1166666667
88104	35.105781	-80.751513	35.086078	-80.756636	5.0 mi	11 mins	4.965	12.3	4.965	12.3
88105	35.255616	-80.899069	35.244596	-80.887247	1.7 mi	5 mins	1.661	4.31666666667	1.661	4.31666666667
88106	35.456933	-80.888547	35.141427	-80.692902	30.7 mi	38 mins	29.617	36.3166666667	29.617	36.3166666667
88107	35.421357	-80.879941	35.194840	-80.567178	33.7 mi	41 mins	32.848	46.3333333333	32.848	46.3333333333
88108	35.129493	-80.992972	35.168953	-80.606116	30.8 mi	36 mins	32.733	37.4333333333	32.733	37.4333333333
88109	35.131721	-80.700540	35.500923	-80.842048	34.3 mi	44 mins	34.434	40.9	34.434	40.9
88110	35.441601	-80.886677	35.033756	-80.807830	36.7 mi	41 mins	36.768	41.2333333333	36.768	41.2333333333
88111	35.470947	-80.853042	35.020584	-80.827334	37.8 mi	43 mins	36.758	42.85	36.758	42.85
88112	35.109400	-80.782251	35.494896	-80.833636	33.0 mi	44 mins	32.138	38.7666666667	32.138	38.7666666667
88113	35.228914	-80.632285	35.098191	-80.968370	31.8 mi	34 mins	27.692	34.4166666667	27.692	34.4166666667
88114	35.127795	-80.986539	35.465165	-80.809019	32.5 mi	36 mins	32.363	37.5833333333	32.363	37.5833333333
88115	35.118683	-81.025230	35.174991	-80.623128	33.1 mi	36 mins	33.39	40.5333333333	33.39	40.5333333333
88116	35.041783	-80.854239	35.426732	-80.874867	32.0 mi	37 mins	32.009	36.3	32.009	36.3
88117	35.077485	-81.040025	35.410672	-80.870607	31.8 mi	38 mins	32.366	41.2833333333	32.366	41.2833333333
88118	35.321794	-80.892131	35.309372	-80.900987	1.6 mi	3 mins	1.588	3.21666666667	1.588	3.21666666667
88119	35.039342	-80.858655	35.415855	-80.927029	34.8 mi	43 mins	34.043	40.85	34.043	40.85
88120	35.027679	-80.830612	35.477587	-80.817102	39.6 mi	44 mins	39.589	44.7833333333	39.589	44.7833333333
88121	35.135487	-80.668089	35.430093	-80.898899	31.8 mi	42 mins	32.017	38.7166666667	32.017	38.7166666667
88122	35.465699	-80.858616	35.025291	-80.841826	36.2 mi	41 mins	36.484	43.05	36.484	43.05
88123	35.474812	-80.859681	35.169474	-80.666019	31.3 mi	41 mins	32.532	38.65	32.532	38.65
88124	35.046902	-80.830162	35.438909	-80.854350	33.5 mi	38 mins	33.551	37.5833333333	33.551	37.5833333333
88125	35.081492	-80.821401	35.470937	-80.861788	33.2 mi	40 mins	35.326	39.5333333333	35.326	39.5333333333
88126	35.460044	-80.792141	35.076026	-80.781234	40.7 mi	46 mins	33.286	45.4833333333	33.286	45.4833333333
88127	35.239831	-80.770971	35.224547	-80.775199	1.4 mi	4 mins	1.374	3.78333333333	1.374	3.78333333333
88128	35.126412	-80.830034	35.500838	-80.886757	28.9 mi	39 mins	28.9	37.95	28.9	37.95
88129	35.112056	-80.971838	35.471370	-80.877695	31.6 mi	36 mins	32.947	40.1333333333	32.947	40.1333333333
88130	35.446272	-80.884063	35.430093	-80.898899	3.6 mi	10 mins	2.488	5.46666666667	2.488	5.46666666667
88131	35.048326	-80.859506	35.491513	-80.860906	36.9 mi	43 mins	35.772	41.6833333333	35.772	41.6833333333
88132	35.250437	-80.666078	35.087277	-81.006576	37.1 mi	41 mins	37.348	43.8	37.348	43.8
88133	35.461274	-80.807675	35.020662	-80.817133	40.2 mi	47 mins	38.239	45.95	38.239	45.95
88134	35.459185	-80.864041	35.452917	-80.860374	0.6 mi	2 mins	0.576	2.43333333333	0.576	2.43333333333
88135	35.422978	-80.884892	35.078627	-80.736230	30.4 mi	43 mins	30.6	43.45	30.6	43.45
88136	35.414310	-80.834247	35.035292	-80.848991	31.9 mi	38 mins	31.701	36.0833333333	31.701	36.0833333333
88137	35.315097	-80.767897	35.062519	-81.027586	27.9 mi	34 mins	28.429	39.85	28.429	39.85
88138	35.043400	-80.838985	35.492472	-80.833454	39.4 mi	45 mins	38.787	42.8	38.787	42.8
88139	35.186848	-80.614991	35.169638	-80.998544	31.7 mi	35 mins	31.528	36.9666666667	31.528	36.9666666667
88140	35.049127	-80.807490	35.410310	-80.863244	31.2 mi	35 mins	31.263	34.1666666667	31.263	34.1666666667
88141	35.184062	-80.624730	35.328088	-80.967868	25.3 mi	40 mins	25.358	36.5833333333	25.358	36.5833333333
88142	35.124852	-80.695204	35.414934	-80.923702	29.5 mi	40 mins	29.548	36.4	29.548	36.4
88143	35.157096	-80.982487	35.505206	-80.869708	30.1 mi	30 mins	29.908	32.7166666667	29.908	32.7166666667
88144	35.214460	-80.821410	35.197700	-80.814051	1.7 mi	5 mins	1.637	5.63333333333	1.637	5.63333333333
88145	35.091278	-80.894108	35.496877	-80.853212	32.9 mi	37 mins	34	36.5166666667	34	36.5166666667
88146	35.099257	-80.765003	35.469016	-80.879109	29.6 mi	41 mins	30.249	40.45	30.249	40.45
88147	35.148800	-80.969451	35.489782	-80.853824	30.5 mi	33 mins	30.358	33.1333333333	30.358	33.1333333333
88148	35.454753	-80.926487	35.073111	-80.896731	36.7 mi	44 mins	36.654	49.1333333333	36.654	49.1333333333
88149	35.277052	-80.724380	35.071645	-81.049624	31.3 mi	42 mins	30.37	44.2166666667	30.37	44.2166666667
88150	35.076039	-80.727037	35.095380	-80.736915	1.9 mi	5 mins	1.889	5.35	1.889	5.35
88151	35.417339	-80.864164	35.411994	-80.871188	1.4 mi	4 mins	1.361	3.68333333333	1.361	3.68333333333
88152	35.055578	-80.879564	35.070081	-80.880523	1.7 mi	4 mins	1.685	3.71666666667	1.685	3.71666666667
88153	35.040062	-80.858672	35.449288	-80.770102	39.2 mi	46 mins	37.832	42.9333333333	37.832	42.9333333333
88154	35.132247	-80.952300	35.494132	-80.845012	32.9 mi	38 mins	31.297	35.8833333333	31.297	35.8833333333
88155	35.343205	-80.748096	35.334135	-80.738448	2.4 mi	6 mins	2.374	7.95	2.374	7.95
88156	35.379011	-80.753490	35.066049	-81.029864	34.2 mi	43 mins	34.516	47.9166666667	34.516	47.9166666667
88157	35.046202	-80.811123	35.485731	-80.849519	38.0 mi	44 mins	38.035	42.55	38.035	42.55
88158	35.486516	-80.870916	35.123831	-80.696455	30.9 mi	38 mins	30.992	34.8333333333	30.992	34.8333333333
88159	35.123315	-80.805434	35.106412	-80.810204	1.6 mi	4 mins	1.589	4.16666666667	1.589	4.16666666667
88160	35.204424	-80.831776	35.224871	-80.828611	2.5 mi	5 mins	2.504	5.25	2.504	5.25
88161	35.335069	-80.852910	35.351306	-80.864586	2.4 mi	6 mins	2.426	5.56666666667	2.426	5.56666666667
88162	35.355991	-80.768281	35.077047	-81.020270	31.1 mi	39 mins	29.755	44.6833333333	29.755	44.6833333333
88163	35.126899	-80.986088	35.482371	-80.793076	37.3 mi	43 mins	34.878	47.1	34.878	47.1
88164	35.118337	-80.969419	35.485178	-80.832028	36.1 mi	42 mins	34.14	42.8	34.14	42.8
88165	35.328158	-80.794131	35.334108	-80.785333	2.3 mi	6 mins	2.196	5.61666666667	2.196	5.61666666667
88166	35.066129	-81.013868	35.225337	-80.631928	36.7 mi	41 mins	32.183	42.7333333333	32.183	42.7333333333
88167	35.450244	-80.796015	35.139136	-80.982234	30.5 mi	32 mins	29.559	33.2	29.559	33.2
88168	35.027827	-80.857255	35.496836	-80.851444	39.1 mi	46 mins	38.823	42.1333333333	38.823	42.1333333333
88169	35.054625	-80.815725	35.457727	-80.889046	35.6 mi	41 mins	35.643	39.3666666667	35.643	39.3666666667
88170	35.177066	-80.625978	35.506722	-80.850570	31.8 mi	39 mins	33.815	39.3833333333	33.815	39.3833333333
88171	35.310718	-80.752838	35.309823	-80.730664	3.1 mi	7 mins	3.077	8.08333333333	3.077	8.08333333333
88172	35.425675	-80.848920	35.035698	-80.783580	36.3 mi	41 mins	36.302	41.2666666667	36.302	41.2666666667
88173	35.055008	-80.832006	35.454087	-80.879124	34.8 mi	40 mins	33.744	37.25	33.744	37.25
88174	35.464939	-80.923833	35.151680	-80.707201	32.1 mi	40 mins	33.248	44.3333333333	33.248	44.3333333333
88175	35.109916	-80.973309	35.475812	-80.802051	36.3 mi	41 mins	34.647	43.6666666667	34.647	43.6666666667
88176	35.249269	-80.656283	35.064679	-81.030960	38.9 mi	43 mins	40.322	47.9833333333	40.322	47.9833333333
88177	35.474782	-80.803231	35.093542	-80.996392	37.0 mi	43 mins	34.56	44.65	34.56	44.65
88178	35.072074	-80.995197	35.316357	-80.718786	28.4 mi	37 mins	28.392	35.6666666667	28.392	35.6666666667
88179	35.078133	-80.730670	35.071958	-80.733085	0.6 mi	3 mins	0.646	2.95	0.646	2.95
88180	35.480436	-80.878538	35.076139	-80.868460	32.2 mi	35 mins	32.285	35.1333333333	32.285	35.1333333333
88181	35.073207	-80.859727	35.067899	-80.844700	2.3 mi	5 mins	2.088	4.45	2.088	4.45
88182	35.093086	-80.974266	35.460795	-80.842165	32.1 mi	36 mins	32.121	36.15	32.121	36.15
88183	35.405416	-80.846649	35.083418	-81.027624	28.8 mi	35 mins	30.053	35.8166666667	30.053	35.8166666667
88184	35.499083	-80.877617	35.124465	-81.006097	32.7 mi	37 mins	32.629	39.6666666667	32.629	39.6666666667
88185	35.422882	-80.874085	35.052199	-80.804652	33.0 mi	38 mins	32.919	38.0	32.919	38.0
88186	35.191785	-80.604790	35.075008	-81.042859	35.1 mi	41 mins	36.528	45.8666666667	36.528	45.8666666667
88187	35.058129	-80.812441	35.472544	-80.824024	37.0 mi	41 mins	36.991	42.2333333333	36.991	42.2333333333
88188	35.455608	-80.781066	35.064167	-81.019394	38.1 mi	46 mins	37.141	53.2	37.141	53.2
88189	35.098093	-80.964181	35.423234	-80.794847	30.4 mi	36 mins	30.47	37.7666666667	30.47	37.7666666667
88190	35.303462	-80.693095	35.060154	-81.022601	32.0 mi	44 mins	30.364	48.6333333333	30.364	48.6333333333
88191	35.110035	-80.722246	35.498473	-80.860514	32.5 mi	42 mins	33.495	39.1666666667	33.495	39.1666666667
88192	35.421292	-80.857461	35.069053	-80.772814	34.2 mi	38 mins	27.643	35.5666666667	27.643	35.5666666667
88193	35.465443	-80.833196	35.066049	-81.029864	37.0 mi	45 mins	36.644	48.5333333333	36.644	48.5333333333
88194	35.101704	-80.778312	35.460970	-80.839870	30.6 mi	42 mins	30.272	38.9833333333	30.272	38.9833333333
88195	35.154813	-80.930889	35.135515	-80.933450	2.4 mi	7 mins	2.391	6.18333333333	2.391	6.18333333333
88196	35.256593	-80.678430	35.259683	-80.656703	2.4 mi	5 mins	2.543	6.61666666667	2.543	6.61666666667
88197	35.072552	-80.752856	35.495403	-80.833094	35.6 mi	49 mins	35.459	44.25	35.459	44.25
88198	35.072370	-80.887500	35.503500	-80.857766	34.0 mi	38 mins	33.994	37.1166666667	33.994	37.1166666667
88199	35.181938	-80.873544	35.181658	-80.863248	1.3 mi	4 mins	1.02	3.61666666667	1.02	3.61666666667
88200	35.062837	-81.047441	35.153947	-80.646608	34.1 mi	43 mins	34.822	45.8833333333	34.822	45.8833333333
88201	35.190584	-80.595065	35.482659	-80.850007	33.9 mi	42 mins	34.733	43.7666666667	34.733	43.7666666667
