ODIndex	originLat	originLng	destinationLat	destinationLng	GoogleMile	GoogleMin	ArcGISMile	ArcGISMin	OSMMile	OSMMin
14664	35.225845	-80.800854	35.370140	-80.876435	14.1 mi	20 mins	14.0541524316	19.7078672533	14.109	21.1833333333
14665	35.312148	-80.793317	35.480334	-80.860989	15.8 mi	22 mins	16.1562297019	23.6956675614	15.833	21.6833333333
14666	35.063447	-80.765514	35.244421	-80.731715	18.8 mi	28 mins	18.7298939413	26.7878894429	15.869	24.75
14667	35.075298	-80.729854	35.075560	-80.854832	9.5 mi	14 mins	9.50042266449	13.5478622017	9.513	14.2333333333
14668	35.185141	-80.692352	35.089900	-80.705055	9.3 mi	20 mins	9.75790950112	17.5011512994	9.858	20.0666666667
14669	35.485477	-80.893268	35.263316	-80.869643	19.2 mi	23 mins	19.1483094331	23.1845351684	20.758	24.25
14670	35.263538	-80.740960	35.179849	-80.780557	8.1 mi	15 mins	7.91690708008	15.0189797422	8.055	13.7
14671	35.222536	-80.801895	35.298470	-80.962559	12.5 mi	21 mins	12.2928649036	21.3234559239	12.278	20.8666666667
14672	35.220609	-80.786552	35.131650	-80.861756	9.2 mi	22 mins	9.33478272028	20.1455248167	9.684	17.4833333333
14673	35.077554	-80.859487	35.150793	-80.647532	19.0 mi	22 mins	18.9322263984	21.6752979858	19.004	24.2333333333
14674	35.127219	-80.853384	35.205822	-80.894369	7.9 mi	15 mins	7.9014985945	13.3636239447	7.288	12.5833333333
14675	35.126927	-80.813684	35.390344	-80.753058	25.4 mi	38 mins	28.0213172056	38.5809171672	24.014	36.2666666667
14676	35.284676	-80.977062	35.066166	-80.728370	27.5 mi	33 mins	27.4178439235	32.2432788664	27.54	33.7666666667
14677	35.207608	-80.762210	35.150930	-80.798819	5.6 mi	13 mins	5.58384017861	11.5908951192	6.603	10.8166666667
14678	35.219450	-80.780604	35.078571	-80.815094	13.0 mi	23 mins	12.9220339808	22.2670096453	12.966	19.2
14679	35.219717	-80.977182	35.156732	-80.755728	17.1 mi	26 mins	18.742685098	25.8653067577	17.373	25.6666666667
14680	35.181719	-80.743707	35.254735	-80.896457	12.1 mi	17 mins	11.8389586299	16.6367806606	12.155	16.6333333333
14681	35.215422	-80.832991	35.170283	-80.844950	3.9 mi	9 mins	3.86152316785	9.29212268201	5.441	8.81666666667
14682	35.112977	-80.804772	35.219270	-80.847026	9.5 mi	19 mins	9.45554647295	17.9158286037	9.475	17.2833333333
14683	35.104052	-80.855782	35.413390	-80.834675	27.9 mi	32 mins	27.8174476342	32.3681934648	25.818	31.85
14684	35.270071	-80.756223	35.174702	-80.713101	11.0 mi	20 mins	11.0524856809	21.2541748794	11.714	19.7166666667
14685	35.341346	-80.807032	35.126402	-80.777557	19.1 mi	33 mins	21.6911431695	33.2989830435	18.338	30.5166666667
14686	35.179426	-80.860289	35.292989	-80.838256	12.2 mi	17 mins	9.90134086525	14.7776952815	9.921	14.85
14687	35.243751	-80.793937	35.314547	-80.873132	9.2 mi	17 mins	10.2428830243	16.1500572886	10.283	15.0666666667
14688	35.206505	-80.735465	35.077349	-80.868475	14.0 mi	30 mins	21.92634937	28.5531740444	13.694	25.2833333333
14689	35.186157	-80.793406	35.084482	-80.706843	10.3 mi	20 mins	10.991051235	20.2271042053	12.817	19.1666666667
14690	35.167070	-80.866727	35.146434	-80.662666	16.4 mi	31 mins	26.4575928347	30.8999264717	18.532	30.3833333333
14691	35.242537	-80.779899	35.221663	-80.659899	9.1 mi	18 mins	8.75177371543	15.7815234386	10.159	16.05
14692	35.091744	-80.732956	35.126060	-80.774156	5.3 mi	12 mins	5.30267270269	10.5198007355	8.314	14.6166666667
14693	35.043651	-80.813189	35.286928	-80.950429	24.3 mi	29 mins	24.143455037	27.0001956316	24.278	28.7
14694	35.325072	-80.785291	35.104071	-80.801185	20.9 mi	38 mins	29.8366384289	39.8594579785	20.38	33.65
14695	35.258153	-80.852761	35.361311	-80.855603	9.3 mi	14 mins	9.28486328816	10.8881017339	9.321	11.3166666667
14696	35.155279	-80.761450	35.121877	-80.871265	8.7 mi	19 mins	8.54656089367	18.4904436295	8.702	19.3166666667
14697	35.214864	-80.988915	35.075658	-81.023874	12.9 mi	21 mins	12.9312913617	20.4847253022	12.966	25.1333333333
14698	35.344015	-80.807560	35.212219	-80.713612	13.4 mi	23 mins	13.3637606909	23.9062947471	14.868	24.2833333333
14699	35.432110	-80.860968	35.246544	-80.907480	16.0 mi	20 mins	15.9531321903	18.9983620223	16.013	20.3333333333
14700	35.434536	-80.872883	35.215151	-80.678071	26.9 mi	33 mins	26.8693556174	33.6211962394	26.944	32.9666666667
14701	35.389469	-80.773160	35.060612	-80.740278	34.6 mi	39 mins	36.0576950452	41.3215152156	35.344	43.3
14702	35.179202	-80.778818	35.346239	-80.769478	14.7 mi	26 mins	19.4992606534	24.2880272649	15.652	22.4333333333
14703	35.249528	-80.840854	35.136693	-80.872562	10.4 mi	18 mins	10.2799707248	16.7033635262	9.435	15.9
14704	35.346491	-80.783826	35.203489	-80.782243	13.6 mi	22 mins	13.5995437695	21.9779137263	11.612	22.0833333333
14705	35.480484	-80.861033	35.103383	-81.027799	35.1 mi	41 mins	35.2241825327	44.690877349	35.123	40.95
14706	35.121033	-80.780194	35.034877	-80.849397	9.9 mi	16 mins	9.57222149089	14.585729988	11.489	14.5666666667
14707	35.412085	-80.883638	35.495342	-80.825854	11.9 mi	19 mins	11.89162558	19.28061064	11.927	19.7166666667
14708	35.245604	-80.791297	35.261873	-80.820378	3.3 mi	7 mins	2.53166005685	5.68933610525	3.031	5.33333333333
14709	35.436205	-80.817854	35.236560	-80.863647	17.3 mi	22 mins	17.4599290113	21.6325453011	17.94	23.15
14710	35.049232	-80.826835	35.338324	-80.957911	28.4 mi	33 mins	28.3154546129	33.0598179583	28.414	33.5333333333
14711	35.064879	-80.774545	35.318266	-80.729830	26.3 mi	27 mins	26.5750850194	27.2092747538	26.34	27.15
14712	35.098962	-80.747780	35.337193	-80.817677	22.4 mi	35 mins	22.7671675941	34.3617720505	22.593	33.0666666667
14713	35.219297	-80.753100	35.249106	-80.826982	8.0 mi	12 mins	8.00430359412	12.222756537	8.051	10.9833333333
14714	35.419369	-80.909277	35.132739	-80.935431	27.5 mi	32 mins	27.9830146188	31.623983722	25.596	33.2
14715	35.230409	-80.825264	35.242059	-80.882858	5.3 mi	9 mins	4.86630436597	8.16601677829	4.904	8.31666666667
14716	35.426190	-80.935916	35.026739	-80.850020	37.6 mi	44 mins	36.0379438976	42.6931149602	37.487	40.8166666667
14717	35.170754	-80.608115	35.031282	-80.819602	18.5 mi	22 mins	20.1642715892	22.9870460904	20.216	25.1333333333
14718	35.176878	-80.732294	35.121625	-80.990842	25.6 mi	37 mins	26.5569202868	37.1546941758	24.625	36.1166666667
14719	35.281750	-80.737266	35.150417	-80.679860	11.9 mi	21 mins	11.8352860616	20.0903843185	13.135	20.4666666667
14720	35.281229	-80.861321	35.224892	-80.849914	5.8 mi	9 mins	5.75547382011	9.06829553712	5.804	8.78333333333
14721	35.211972	-80.657290	35.132433	-80.786422	12.1 mi	23 mins	12.1162534415	21.4800785029	13.185	20.3333333333
14722	35.434715	-80.859334	35.242324	-80.884435	15.7 mi	19 mins	15.6054914678	18.7779720624	15.664	20.7
14723	35.078251	-80.849222	35.326384	-80.784395	25.7 mi	31 mins	25.5759287434	30.9428669533	24.819	29.8333333333
14724	35.135399	-80.701183	35.341122	-80.873942	22.3 mi	33 mins	21.3872381847	31.9207265574	22.575	31.7666666667
14725	35.415004	-80.831659	35.191130	-80.702981	23.7 mi	30 mins	23.5943567474	30.0987308637	23.709	29.15
14726	35.089784	-80.810483	35.381062	-80.792424	29.4 mi	35 mins	29.3307292523	35.1019309289	29.406	35.2833333333
14727	35.128944	-80.850207	35.235283	-80.816919	9.0 mi	20 mins	8.66913007672	18.2927897151	9.696	16.7333333333
14728	35.236835	-80.685382	35.365911	-80.783230	16.2 mi	22 mins	16.6520594498	21.6947050264	16.271	26.9
14729	35.444057	-80.852417	35.140130	-80.918545	24.8 mi	27 mins	24.7917281088	27.7379216197	25.213	27.8333333333
14730	35.322910	-80.947886	35.387243	-80.916593	8.2 mi	13 mins	8.17346735224	13.2519764362	8.197	14.8833333333
14731	35.139336	-80.680060	35.311046	-80.743092	18.6 mi	23 mins	18.562993225	22.4754299375	18.628	22.8
14732	35.269435	-80.689164	35.173240	-80.715241	8.9 mi	16 mins	9.42913539656	17.5215097911	8.883	19.45
14733	35.210807	-80.851059	35.203234	-80.848693	0.8 mi	3 mins	0.747656197469	2.64589434393	0.834	3.23333333333
14734	35.193699	-80.723468	35.128160	-80.898401	18.0 mi	27 mins	18.0201259433	26.1630844913	18.021	25.6333333333
14735	35.101309	-80.783865	35.160577	-80.929453	13.1 mi	21 mins	12.9429641024	19.9925971269	13.063	19.1666666667
14736	35.241488	-80.733400	35.220249	-80.917286	13.6 mi	21 mins	13.5487890344	20.9719995149	13.612	19.35
14737	35.375772	-80.919701	35.326891	-80.738616	13.6 mi	23 mins	14.5681519615	23.2744230358	14.597	23.4
14738	35.122164	-80.693007	35.225772	-80.879112	14.6 mi	21 mins	14.5660735627	20.9255285526	14.648	18.85
14739	35.116463	-80.748019	35.396816	-80.920175	28.9 mi	41 mins	27.1101242749	39.570607914	27.001	39.0
14740	35.489024	-80.881730	35.110824	-80.864056	29.9 mi	37 mins	29.6397413612	36.9143516185	29.84	35.9333333333
14741	35.101130	-81.032692	35.278034	-80.713568	29.3 mi	39 mins	30.7407140994	37.6556583268	27.798	38.2666666667
14742	35.380989	-80.872640	35.150327	-80.684064	25.6 mi	34 mins	25.3815463756	36.2499942191	27.224	35.2
14743	35.146435	-80.978047	35.088506	-80.985706	5.1 mi	10 mins	5.14341902433	9.92512430663	5.117	9.65
14744	35.223026	-80.851480	35.415855	-80.927029	19.0 mi	24 mins	16.8495945805	23.3493065564	19.051	23.7833333333
14745	35.218426	-80.748890	35.215429	-80.876830	10.1 mi	15 mins	10.149216768	14.7179229798	10.057	13.8
14746	35.446360	-80.903771	35.193946	-80.717167	26.9 mi	35 mins	25.962761795	32.7543228849	26.175	32.3166666667
14747	35.101364	-81.025789	35.135513	-80.697904	28.6 mi	38 mins	28.4929767211	38.7814021887	28.586	38.15
14748	35.145797	-80.959486	35.346602	-80.747577	26.5 mi	31 mins	25.7930394976	31.4364193053	25.48	33.3666666667
14749	35.162962	-80.606668	35.133054	-80.880142	25.9 mi	30 mins	25.8169518229	28.9496957748	25.89	30.7333333333
14750	35.402981	-80.937495	35.025531	-80.817761	36.4 mi	46 mins	36.1284625299	45.9519266453	34.559	47.9833333333
14751	35.266293	-80.851221	35.078304	-80.779839	15.9 mi	28 mins	24.4142763432	29.6928976111	16.072	25.1833333333
14752	35.055073	-80.846950	35.113823	-80.829763	5.4 mi	10 mins	5.39631830374	9.56759145848	5.443	9.75
14753	35.299945	-80.697247	35.267459	-80.921840	15.9 mi	22 mins	15.6401537917	22.1393064903	15.659	22.8333333333
14754	35.144759	-80.707818	35.215864	-80.767441	8.1 mi	16 mins	8.20003397624	16.3255740621	9.036	15.9166666667
14755	35.290356	-80.810943	35.408519	-80.904415	14.3 mi	20 mins	14.0163057857	19.8860929413	16.252	21.95
14756	35.429275	-80.881417	35.066266	-81.019879	32.2 mi	39 mins	32.0878599621	39.5095101754	32.184	44.8833333333
14757	35.086135	-80.861016	35.152143	-80.839992	6.4 mi	14 mins	5.62602976	11.7040419649	7.24	13.4166666667
14758	35.258282	-80.814168	35.271913	-80.709355	7.5 mi	16 mins	7.67927122845	16.008404538	7.509	16.4
14759	35.246766	-80.988669	35.226682	-80.830553	11.3 mi	14 mins	11.2779320321	13.5547019921	11.321	14.9
14760	35.419502	-80.847277	35.297687	-80.892020	12.1 mi	18 mins	12.1823190337	18.877603127	12.176	18.9666666667
14761	35.136060	-80.831554	35.096899	-81.030815	14.4 mi	25 mins	15.8720992465	25.9102720797	15.883	24.2833333333
14762	35.343573	-80.822839	35.378581	-80.915856	8.6 mi	16 mins	9.78525204066	16.4934194136	10.029	17.8
14763	35.331857	-80.775295	35.289185	-80.723495	5.5 mi	10 mins	5.48497594376	9.85680749705	5.536	10.2166666667
14764	35.251589	-80.672080	35.049433	-80.846111	25.4 mi	28 mins	25.376113734	27.9974904888	25.438	29.85
14765	35.212972	-80.808062	35.403442	-80.905749	18.5 mi	25 mins	18.4948658336	25.6826362495	18.52	26.05
14766	35.236450	-80.664944	35.049127	-80.807490	23.4 mi	24 mins	23.4203733509	24.8101140776	23.467	27.15
14767	35.242520	-80.786115	35.051139	-80.849966	21.3 mi	28 mins	21.4548696495	27.2849249354	16.729	26.6
14768	35.106999	-80.847000	35.320523	-80.823378	19.1 mi	29 mins	19.0423315387	27.8019851575	19.093	26.4166666667
14769	35.151321	-80.925175	35.370884	-80.729295	22.5 mi	28 mins	22.3964437117	27.4858203149	22.993	27.5333333333
14770	35.164369	-80.894815	35.334653	-80.967509	16.8 mi	22 mins	16.7646570765	21.3520295381	16.837	21.1333333333
14771	35.418838	-80.841939	35.272999	-80.973541	15.2 mi	17 mins	15.2010818946	16.8500108447	15.227	17.2
14772	35.258787	-80.905606	35.336862	-80.712990	15.2 mi	19 mins	15.6991575876	17.9594482698	14.429	18.6
14773	35.220843	-80.981501	35.173935	-80.866070	10.0 mi	16 mins	9.16975859326	15.4188088487	9.953	16.3833333333
14774	35.494699	-80.877077	35.324965	-80.735442	20.2 mi	28 mins	20.0430803024	28.4991742485	19.934	27.6333333333
14775	35.268174	-80.943652	35.302234	-80.736422	15.9 mi	21 mins	15.8881215791	22.0559751066	15.919	21.1666666667
14776	35.385615	-80.878416	35.198957	-80.851973	16.0 mi	23 mins	16.0981913653	22.8737256517	18.215	23.8333333333
14777	35.207777	-80.860345	35.183672	-80.866035	2.3 mi	6 mins	2.31808107278	5.45654293311	2.312	4.31666666667
14778	35.072368	-80.862945	35.036172	-80.850178	5.0 mi	9 mins	4.95708450869	9.2012539221	4.994	9.03333333333
14779	35.295119	-80.719686	35.136237	-80.837255	15.0 mi	29 mins	21.0749652551	30.341429538	15.033	23.9666666667
14780	35.078947	-80.787981	35.032026	-80.809174	4.6 mi	10 mins	4.53670338025	8.9988644637	4.59	9.06666666667
14781	35.327654	-80.733288	35.337635	-80.753144	1.6 mi	4 mins	1.58307011836	3.49844953523	1.566	4.8
14782	35.184900	-80.732848	35.192060	-80.592307	9.8 mi	18 mins	9.80208313689	16.608719313	9.886	17.9
14783	35.114764	-80.804983	35.195986	-80.744929	9.6 mi	20 mins	9.26002172001	18.5139600953	9.931	19.4333333333
14784	35.288080	-80.919760	35.487508	-80.849438	20.6 mi	25 mins	20.5236961821	25.597736567	21.772	29.15
14785	35.323096	-80.897853	35.276047	-80.989354	9.3 mi	13 mins	9.30518323856	12.9288160899	9.578	15.85
14786	35.105644	-81.002772	35.074886	-80.889217	13.5 mi	22 mins	13.4489982043	21.7021010468	11.791	21.4
14787	35.233605	-80.795252	35.228919	-80.769856	2.9 mi	8 mins	2.86562622771	7.46886584232	3.113	9.75
14788	35.495581	-80.873564	35.196444	-80.700292	28.9 mi	37 mins	28.8272689158	37.5057886966	28.961	36.8333333333
14789	35.272060	-80.758855	35.133419	-80.877283	18.0 mi	24 mins	17.8206349693	23.1179234664	13.781	22.9333333333
14790	35.497414	-80.886245	35.172376	-80.791208	27.7 mi	34 mins	26.0284136764	33.4151178606	26.757	32.2333333333
14791	35.197819	-80.839784	35.208464	-80.867214	2.2 mi	6 mins	2.19673740361	5.51396181069	2.215	5.56666666667
14792	35.168953	-80.606116	35.240049	-80.855931	20.0 mi	28 mins	19.6571836113	27.1544226193	17.706	26.0166666667
14793	35.248547	-80.797434	35.304289	-80.757442	6.5 mi	11 mins	6.22319494711	10.9307287368	5.664	10.2666666667
14794	35.245937	-80.841504	35.169211	-80.898201	6.9 mi	12 mins	6.86048641012	11.9529673044	7.924	11.6
14795	35.099451	-80.849161	35.104732	-80.718299	14.5 mi	20 mins	14.5085296775	18.8943141101	13.644	19.4666666667
14796	35.419521	-80.815294	35.172166	-80.840806	21.2 mi	30 mins	22.1729287391	29.3875988581	23.377	28.7333333333
14797	35.244304	-80.774347	35.044868	-80.806096	18.4 mi	34 mins	24.7904824044	33.0098084354	18.292	29.7166666667
14798	35.244513	-80.742191	35.206129	-80.975185	19.2 mi	28 mins	19.3549059447	28.0139660096	18.772	28.9833333333
14799	35.180114	-80.732292	35.483847	-80.851616	28.3 mi	34 mins	27.9147966823	35.4318089627	28.381	32.95
14800	35.470983	-80.863081	35.336862	-80.712990	19.0 mi	28 mins	19.7895780572	28.1371395777	19.079	27.95
14801	35.371845	-80.778491	35.267972	-80.787861	10.4 mi	16 mins	10.4726015471	15.1917888199	10.414	19.5
14802	35.191514	-80.595934	35.112648	-80.708474	10.8 mi	14 mins	10.7712474688	13.2957072585	10.798	16.1166666667
14803	35.194485	-80.805279	35.505883	-80.852042	24.4 mi	29 mins	24.3103613831	29.7971001099	26.362	29.2333333333
14804	35.306704	-80.986716	35.208182	-80.790921	15.2 mi	22 mins	18.5391401353	22.1827682038	16.09	21.8833333333
14805	35.067595	-80.881344	35.313218	-80.822796	21.7 mi	29 mins	21.5429207686	28.1437972536	21.465	26.7
14806	35.177843	-80.701016	35.458661	-80.887496	27.7 mi	34 mins	27.5418938524	34.4089288682	27.677	33.8333333333
14807	35.156292	-80.727119	35.153938	-80.685419	5.1 mi	10 mins	5.10638959093	10.5793083128	4.745	11.8833333333
14808	35.038142	-80.831851	35.341340	-80.855444	27.0 mi	35 mins	27.3805048136	33.1341364519	27.885	33.3833333333
14809	35.242972	-80.880082	35.128958	-80.741478	14.2 mi	24 mins	14.4285996201	24.5039921084	13.167	25.0166666667
14810	35.343775	-80.899174	35.119972	-80.967197	20.7 mi	25 mins	20.6039356824	25.2073840555	20.685	26.2833333333
14811	35.100821	-80.844025	35.098977	-80.854939	2.8 mi	6 mins	2.80339961744	6.34431011502	2.822	6.0
14812	35.179129	-80.929431	35.090095	-80.762616	18.2 mi	24 mins	18.1420652446	23.6506915035	18.242	23.8833333333
14813	35.265375	-80.792495	35.250742	-80.913509	8.9 mi	13 mins	8.95994162958	12.4583971354	8.965	13.0833333333
14814	35.168792	-80.805240	35.083328	-80.830935	8.4 mi	13 mins	7.84274894521	13.3085268335	8.387	12.0833333333
14815	35.427674	-80.858887	35.173433	-80.849595	21.3 mi	27 mins	21.2112277241	26.1133643224	21.314	24.5666666667
14816	35.276643	-80.730158	35.286417	-80.922953	14.6 mi	19 mins	14.077455974	19.0359480014	14.472	21.4166666667
14817	35.053223	-80.752235	35.220170	-80.982217	21.8 mi	26 mins	21.7211289471	25.5916140304	21.792	27.9166666667
14818	35.397315	-80.807405	35.110570	-81.002454	28.9 mi	33 mins	28.770858011	32.5852473023	30.183	39.5333333333
14819	35.084551	-80.742805	35.105896	-80.810199	6.5 mi	14 mins	6.62373569259	14.4273294262	6.581	16.1
14820	35.308945	-80.934325	35.081016	-81.050935	23.3 mi	30 mins	23.2263241436	28.6407576472	23.965	33.4666666667
14821	35.187776	-80.718443	35.178897	-80.773760	5.2 mi	12 mins	4.4445603605	11.0511102965	5.659	12.1666666667
14822	35.224807	-80.879227	35.270903	-80.767634	10.1 mi	13 mins	10.5302346123	12.5117142631	8.094	12.7333333333
14823	35.143721	-80.892525	35.470043	-80.886319	25.7 mi	29 mins	25.6771623405	30.9024943524	25.693	29.7666666667
14824	35.203284	-80.640194	35.230516	-80.759750	9.2 mi	19 mins	9.16819645425	17.9147330415	12.967	22.2666666667
14825	35.235059	-80.805011	35.225443	-81.002559	14.0 mi	23 mins	15.241215235	20.3607592684	14.121	21.7
14826	35.252447	-80.755271	35.086954	-80.837592	16.0 mi	30 mins	22.2554333311	31.1444485998	15.685	25.1833333333
14827	35.225252	-80.724574	35.187631	-80.806518	6.9 mi	13 mins	7.11169508157	13.1610849359	7.349	11.3
14828	35.202852	-80.854697	35.425608	-80.858098	17.6 mi	23 mins	17.3861746354	22.2699842881	17.635	21.9666666667
14829	35.123499	-80.788457	35.289034	-80.744694	14.9 mi	28 mins	17.1022204365	30.5218182743	15.487	24.95
14830	35.133126	-80.839064	35.410672	-80.870607	21.8 mi	30 mins	23.9701362756	30.9370230872	21.894	27.6333333333
14831	35.248117	-80.842383	35.132439	-80.838262	12.0 mi	21 mins	11.6024052647	20.2174496831	9.921	17.4333333333
14832	35.119953	-80.995027	35.228337	-80.666629	28.0 mi	39 mins	28.6391961046	39.3545322783	26.804	39.4166666667
14833	35.267205	-80.773568	35.224539	-80.718727	6.5 mi	12 mins	6.58738083456	12.4041459088	6.527	13.2166666667
14834	35.185026	-80.802686	35.299825	-80.883099	11.5 mi	19 mins	12.5899626209	18.8155662548	12.683	17.9833333333
14835	35.399712	-80.919016	35.142461	-81.007317	23.8 mi	32 mins	23.9947432438	30.601457316	25.151	36.0166666667
14836	35.406735	-80.867806	35.236409	-80.850729	13.4 mi	16 mins	13.4203138828	15.6713663772	13.567	15.8
14837	35.290528	-80.838901	35.136547	-80.904676	12.9 mi	16 mins	12.8308478389	15.7906350773	12.63	16.4333333333
14838	35.271902	-80.814510	35.078856	-80.812295	22.5 mi	28 mins	22.3712616632	27.2288151359	22.5	26.6833333333
14839	35.233546	-80.838582	35.233419	-80.852501	1.1 mi	3 mins	1.11508349306	3.349939547	1.294	3.06666666667
14840	35.392890	-80.884652	35.304033	-80.799431	11.6 mi	19 mins	10.4651056287	16.9812998664	13.227	20.7833333333
14841	35.342797	-80.866615	35.227260	-80.657592	22.4 mi	29 mins	28.0055620754	31.4119065441	21.623	31.0
14842	35.245050	-80.884630	35.105238	-80.791251	13.8 mi	25 mins	20.184204025	29.4306757646	13.527	23.9166666667
14843	35.279642	-80.685979	35.250819	-80.872003	14.5 mi	19 mins	14.0059406687	18.9318791034	15.551	20.7333333333
14844	35.344568	-80.872439	35.095140	-80.713533	24.1 mi	36 mins	24.2305901787	36.0340601853	24.299	35.2
14845	35.043539	-80.785405	35.134426	-80.878872	13.4 mi	20 mins	12.2099565429	19.359583456	13.793	20.3666666667
14846	35.300761	-80.920448	35.046578	-80.872995	26.4 mi	29 mins	26.2677418781	27.8646158872	24.844	27.6833333333
14847	35.261229	-80.845028	35.303664	-80.995042	11.6 mi	19 mins	14.9679262924	17.0211830656	12.958	19.0666666667
14848	35.035534	-80.837555	35.099569	-80.861575	5.5 mi	11 mins	6.6571700965	11.5270050777	5.523	9.75
14849	35.377657	-80.918770	35.151114	-80.938372	21.1 mi	26 mins	20.9373871127	24.8768392566	20.999	27.7333333333
14850	35.194718	-80.829605	35.290483	-80.847719	8.7 mi	15 mins	9.03212850142	14.6619185595	8.446	14.7833333333
14851	35.138925	-80.805963	35.198039	-80.775550	6.3 mi	14 mins	6.3585609607	12.5629114946	7.311	12.2
14852	35.307297	-80.708492	35.463652	-80.892126	21.6 mi	31 mins	23.586289048	29.7702309656	19.848	27.8166666667
14853	35.194293	-80.696120	35.221737	-80.948655	16.9 mi	27 mins	16.9137301203	27.4762886658	16.985	24.4833333333
14854	35.084200	-80.801134	35.362748	-80.862509	30.3 mi	35 mins	31.5925810285	33.9889244886	23.251	31.65
14855	35.471008	-80.924095	35.034739	-80.773835	42.3 mi	46 mins	42.1670662256	47.2638967899	42.304	47.2333333333
14856	35.251589	-80.672080	35.226846	-80.832781	13.9 mi	23 mins	13.804307233	22.2443239664	12.764	20.9833333333
14857	35.183437	-80.729379	35.063145	-80.750999	14.0 mi	20 mins	13.8991309857	19.3551217894	13.973	18.2333333333
14858	35.231587	-80.782550	35.112803	-80.857291	10.4 mi	22 mins	10.3156454555	20.6656433149	10.397	18.3833333333
14859	35.442195	-80.852601	35.142466	-80.780712	24.6 mi	33 mins	26.4138233932	33.2998010338	25.368	31.6
14860	35.171091	-80.956524	35.148881	-80.802073	10.7 mi	22 mins	9.98485700125	18.1342582612	10.84	19.6333333333
14861	35.242122	-80.797974	35.248818	-80.815816	1.4 mi	3 mins	1.5996106799	3.00511726412	1.35	3.4
14862	35.397893	-80.915820	35.181192	-80.754168	24.8 mi	30 mins	23.0211203092	28.6380226494	23.161	28.5166666667
14863	35.209707	-80.833570	35.350275	-80.699627	17.9 mi	22 mins	18.2378949791	21.9776555354	17.074	22.1666666667
14864	35.294664	-80.716399	35.161136	-80.900165	18.0 mi	23 mins	17.4295826378	22.5512303176	17.701	23.1833333333
14865	35.231420	-80.879425	35.116607	-80.780966	11.8 mi	21 mins	11.3315928994	20.3982496391	10.828	18.3833333333
14866	35.266063	-80.891281	35.222795	-80.814696	6.1 mi	12 mins	6.05369872344	11.6232593861	6.1	11.4333333333
14867	35.357637	-80.840293	35.285585	-80.698537	12.6 mi	20 mins	11.971278664	20.1271893403	12.154	19.3666666667
14868	35.097693	-80.726890	35.246491	-80.943057	26.6 mi	32 mins	21.3971822666	30.4798219198	22.431	30.8166666667
14869	35.359118	-80.782271	35.093434	-80.800296	35.8 mi	37 mins	32.4216511986	37.3521221974	23.291	35.2666666667
14870	35.199930	-80.834829	35.481837	-80.883951	21.5 mi	25 mins	21.6048588053	24.915948284	21.649	23.5166666667
14871	35.398601	-80.807428	35.482134	-80.852648	8.7 mi	16 mins	8.7816985672	15.481026392	8.767	17.5
14872	35.095410	-80.971861	35.106623	-80.845961	10.3 mi	20 mins	12.3997042828	19.89914089	10.179	20.1
14873	35.370998	-80.793013	35.386908	-80.801418	2.2 mi	7 mins	2.29115895413	6.45807894782	2.195	8.0
14874	35.097292	-80.808799	35.306491	-80.858303	18.4 mi	29 mins	22.8131000926	28.1051817403	22.955	27.4833333333
14875	35.268248	-80.794668	35.124366	-80.816983	12.4 mi	24 mins	12.4052969887	22.4781786883	12.415	20.0166666667
14876	35.130102	-80.866240	35.102265	-80.965949	9.2 mi	17 mins	9.18746911934	17.2026694581	9.162	17.4166666667
14877	35.150773	-80.790554	35.095567	-80.747676	7.2 mi	15 mins	7.13226247067	15.1876900069	7.23	16.2
14878	35.117603	-80.720868	35.116463	-80.693490	1.8 mi	4 mins	1.80990019705	3.92789489578	1.783	4.7
14879	35.298362	-80.782211	35.407223	-80.865463	15.9 mi	18 mins	15.8316129514	18.7309070109	15.831	19.15
14880	35.200791	-80.681645	35.177824	-80.872173	17.5 mi	27 mins	17.6302012933	26.1443603355	13.991	22.2166666667
14881	35.178207	-80.957348	35.161263	-80.728781	17.0 mi	25 mins	17.2494058361	25.7077717575	17.027	25.0666666667
14882	35.136649	-80.707750	35.233636	-80.838458	11.0 mi	17 mins	10.9620521128	17.1672512337	11.021	14.8
14883	35.213525	-80.677676	35.125094	-80.991708	26.0 mi	37 mins	26.7693910567	36.7869123668	24.187	36.05
14884	35.186957	-80.696183	35.154426	-80.659700	4.9 mi	10 mins	5.02521802155	9.15567493058	4.611	8.8
14885	35.109481	-80.751026	35.102351	-80.769405	2.2 mi	6 mins	2.1289293595	4.65017596256	2.156	5.16666666667
14886	35.100602	-80.728909	35.292446	-80.721321	23.7 mi	28 mins	16.5175569585	27.9402880279	16.652	26.0666666667
14887	35.375322	-80.773601	35.308093	-80.730652	7.2 mi	13 mins	7.13988077689	13.0778746599	9.488	17.1166666667
14888	35.336846	-80.789237	35.445090	-80.877370	11.7 mi	16 mins	11.6026790758	15.9897420134	11.677	15.7
14889	35.183976	-80.693189	35.177034	-80.843846	12.4 mi	24 mins	11.7647482354	22.2516881577	12.021	19.1333333333
14890	35.295645	-80.797989	35.239053	-80.760781	5.9 mi	11 mins	5.81370734522	11.49163058	5.856	10.5166666667
14891	35.296552	-80.734404	35.351254	-80.879663	10.8 mi	19 mins	10.7886703639	18.8446799115	10.863	18.0333333333
14892	35.404417	-80.902528	35.492964	-80.831951	11.5 mi	19 mins	12.1823513219	19.171358953	12.196	17.35
14893	35.361311	-80.855603	35.254028	-80.643557	19.4 mi	27 mins	25.9729684159	27.7610076138	19.497	26.55
14894	35.080290	-80.820947	35.480395	-80.856458	34.7 mi	40 mins	34.5652523609	40.8152216211	34.743	38.3666666667
14895	35.026721	-80.852226	35.344050	-80.934418	27.3 mi	31 mins	27.2377489108	30.9163497087	27.288	31.9166666667
14896	35.082411	-80.983267	35.284956	-80.729069	25.4 mi	32 mins	25.510796306	31.3499211626	25.159	33.5833333333
14897	35.391609	-80.904788	35.158097	-80.970523	21.2 mi	23 mins	21.1896257898	22.7815138926	20.916	28.0166666667
14898	35.289723	-80.722757	35.476696	-80.782245	20.4 mi	28 mins	19.9182853072	26.9406059442	21.098	36.3833333333
14899	35.443181	-80.899579	35.114960	-80.979246	28.9 mi	32 mins	28.8235363153	32.2604060836	28.953	32.6333333333
14900	35.128417	-80.995734	35.468590	-80.887994	31.4 mi	36 mins	31.0419603841	36.9908809646	31.169	37.95
14901	35.157641	-80.639909	35.292117	-80.931939	20.9 mi	32 mins	20.9167774461	30.8372464674	22.094	29.75
14902	35.131349	-80.754267	35.338323	-80.851601	18.2 mi	29 mins	19.5517210795	29.2072742076	19.701	29.25
14903	35.450221	-80.891932	35.126710	-80.750635	28.3 mi	35 mins	28.4500601863	35.4043821491	28.565	34.8333333333
14904	35.105577	-80.810186	35.177197	-80.928620	12.9 mi	21 mins	12.6444681598	19.6168512992	12.84	19.9166666667
14905	35.400816	-80.883240	35.350121	-80.832777	7.2 mi	10 mins	7.20666140363	10.3952230786	7.249	10.75
14906	35.210398	-80.719396	35.228888	-80.857496	10.8 mi	17 mins	10.7178716536	16.076357793	9.776	14.7166666667
14907	35.435244	-80.879846	35.317979	-80.789136	14.9 mi	21 mins	14.852066488	22.3419609196	14.887	22.7
14908	35.449024	-80.856115	35.283578	-80.864884	13.8 mi	18 mins	13.9083890615	18.8438202755	14.252	19.75
14909	35.197299	-80.766440	35.303269	-80.985601	16.0 mi	23 mins	19.2627361734	22.5277973196	17.376	21.8666666667
14910	35.048102	-80.787597	35.154494	-80.682707	12.0 mi	17 mins	11.9328756259	16.6577349861	13.313	20.8333333333
14911	35.114376	-80.967926	35.149430	-80.688389	25.6 mi	33 mins	26.4934735933	33.7693036022	25.627	31.2
14912	35.449795	-80.852850	35.225035	-80.630329	28.4 mi	35 mins	35.2592181454	38.1173608244	28.277	39.8666666667
14913	35.431632	-80.890296	35.346346	-80.773227	14.1 mi	20 mins	14.1584567614	20.7267965209	16.141	24.6166666667
14914	35.294619	-80.719842	35.217507	-80.757821	7.0 mi	11 mins	6.98122011393	12.045335154	7.005	11.95
14915	35.380058	-80.901824	35.038807	-80.850659	32.6 mi	36 mins	32.5278487474	34.985138622	29.038	35.7833333333
14916	35.209274	-80.735543	35.116876	-80.753326	9.7 mi	19 mins	9.3147419029	17.8170343314	10.244	17.1166666667
14917	35.053270	-80.820103	35.490109	-80.864050	36.7 mi	41 mins	36.6283002051	41.7030724677	36.782	39.5833333333
14918	35.203111	-80.723975	35.069093	-80.752326	15.1 mi	22 mins	14.9473784541	20.6988210098	15.047	19.4666666667
14919	35.279060	-80.682598	35.267527	-80.839027	12.7 mi	19 mins	11.159695997	16.0844253813	12.397	16.5666666667
14920	35.171359	-80.958893	35.170310	-80.962453	0.3 mi	1 min	0.2687039422	0.530611213831	0.273	0.683333333333
14921	35.232358	-80.892475	35.160888	-80.932433	7.4 mi	15 mins	7.29943364836	13.7517884768	8.533	14.5333333333
14922	35.186055	-80.684429	35.293435	-80.928328	17.5 mi	26 mins	17.4779772425	25.7478151986	18.845	25.4833333333
14923	35.236988	-80.860178	35.452132	-80.858099	17.0 mi	20 mins	16.9506756405	21.0299760065	17.06	21.1166666667
14924	35.475954	-80.933407	35.177919	-80.725551	30.5 mi	38 mins	30.3572320752	38.0300266235	30.514	39.6666666667
14925	35.086078	-80.756636	35.098136	-80.710121	4.6 mi	11 mins	5.36316010703	11.7655109003	4.76	14.3166666667
14926	35.108326	-80.748769	35.459894	-80.858987	30.3 mi	40 mins	30.4820390581	40.1016650493	30.503	40.1666666667
14927	35.264948	-80.735914	35.285648	-80.893669	13.2 mi	20 mins	12.3527236974	16.901212374	13.634	18.0333333333
14928	35.275682	-80.745457	35.283693	-80.820245	6.1 mi	12 mins	5.85859531405	11.6219044665	5.852	12.9
14929	35.383862	-80.840587	35.158423	-80.726545	21.6 mi	27 mins	21.5222193663	27.3410554506	21.63	27.4666666667
14930	35.190256	-80.766583	35.376427	-80.772954	17.5 mi	31 mins	21.0997276635	27.6820864755	18.128	28.7833333333
14931	35.243805	-80.802106	35.322375	-80.810223	6.8 mi	15 mins	6.3734060082	13.8703437479	6.79	12.9333333333
14932	35.237820	-80.821841	35.482509	-80.887472	20.2 mi	21 mins	20.1342297791	22.4281788015	20.208	22.0
14933	35.454689	-80.890029	35.320373	-80.833044	12.2 mi	16 mins	12.1261603845	16.4372008856	12.195	15.8333333333
14934	35.108326	-80.748769	35.372777	-80.779846	29.2 mi	33 mins	31.3340868949	36.1610529099	26.021	39.5833333333
14935	35.153565	-80.760923	35.079865	-80.721179	7.7 mi	15 mins	8.14942755402	16.607458864	8.231	16.2666666667
14936	35.120510	-81.031539	35.316709	-80.807586	25.6 mi	33 mins	25.021445126	31.5411471498	26.693	39.3
14937	35.263738	-80.945889	35.196941	-80.597211	34.5 mi	38 mins	34.559542368	37.886997603	26.508	39.1833333333
14938	35.077836	-80.757478	35.085789	-80.810271	4.9 mi	9 mins	4.89442883001	8.04513824093	4.86	8.86666666667
14939	35.019781	-80.854013	35.321730	-80.907275	29.7 mi	34 mins	28.743960794	34.2235749279	27.095	34.3
14940	35.203416	-80.746263	35.309096	-80.718712	8.7 mi	15 mins	8.62754270945	14.1581848304	9.426	13.8833333333
14941	35.433655	-80.878055	35.360553	-80.857350	6.8 mi	13 mins	6.80178404088	13.0398107368	9.923	14.9833333333
14942	35.324420	-80.755369	35.067817	-81.004286	27.8 mi	33 mins	27.6801991964	32.7768463468	27.834	35.2833333333
14943	35.267972	-80.787861	35.200249	-80.787399	6.0 mi	11 mins	5.71922341911	11.1572495195	5.797	9.9
14944	35.143494	-80.756511	35.171490	-80.900698	11.9 mi	23 mins	11.7664542734	23.3382896973	11.866	21.0833333333
14945	35.406168	-80.869017	35.290118	-80.841839	10.6 mi	14 mins	10.5618820068	14.0959243025	10.651	13.8833333333
14946	35.380426	-80.772111	35.278717	-80.853002	14.4 mi	20 mins	14.4452637649	19.0016484945	16.059	22.3833333333
14947	35.206029	-80.650999	35.097023	-80.807167	21.0 mi	23 mins	20.9720473869	23.244233426	20.989	25.5333333333
14948	35.344282	-80.792683	35.503009	-80.858648	15.1 mi	19 mins	15.0422085403	19.8531040774	15.807	19.7833333333
14949	35.235261	-80.840494	35.087687	-81.023057	17.9 mi	27 mins	18.3574078237	24.5745860845	15.993	23.2333333333
14950	35.076315	-80.828987	35.353590	-80.822092	24.4 mi	31 mins	26.2605527604	30.8662205849	24.557	29.55
14951	35.151679	-80.703895	35.220249	-80.917286	15.6 mi	24 mins	15.9487849765	24.0343806824	16.032	23.9166666667
14952	35.161476	-80.614158	35.446338	-80.906862	34.5 mi	41 mins	39.9123149097	43.1340628889	32.605	43.0666666667
14953	35.171494	-80.890565	35.264987	-80.927655	8.5 mi	15 mins	8.47771670163	13.8829946981	9.657	14.6166666667
14954	35.052958	-80.876171	35.463427	-80.836815	34.6 mi	41 mins	34.4908247563	41.4313974617	33.632	41.4666666667
14955	35.150870	-80.882237	35.113834	-80.979977	9.2 mi	17 mins	9.15251998836	16.2076518748	8.518	16.0666666667
14956	35.276362	-80.950662	35.034829	-80.828990	22.4 mi	27 mins	22.3324481496	25.7533431004	22.418	26.4666666667
14957	35.232616	-80.899594	35.163182	-80.743808	12.3 mi	19 mins	12.2809923432	18.9531541772	12.175	16.95
14958	35.280285	-80.969565	35.202613	-80.692137	22.1 mi	29 mins	21.9308763353	29.3497618823	22.099	28.9
14959	35.235941	-80.831177	35.059955	-80.877596	16.7 mi	21 mins	16.5876508753	20.6060606642	16.503	19.3166666667
14960	35.213882	-80.751924	35.484105	-80.819936	27.9 mi	32 mins	26.9765626278	33.5522472957	27.959	32.8
14961	35.344567	-80.709027	35.215476	-80.801330	14.7 mi	22 mins	14.8380208142	22.1019715269	12.404	20.2
14962	35.146988	-80.872081	35.106982	-81.003855	10.5 mi	22 mins	11.2926879019	21.2041238136	10.735	20.25
14963	35.224613	-80.899703	35.214714	-80.804321	7.7 mi	11 mins	7.88835736728	11.8003215157	7.741	11.1166666667
14964	35.083774	-80.775890	35.063701	-81.030516	22.5 mi	31 mins	23.8674656853	30.3091614371	23.895	33.5833333333
14965	35.073146	-80.799425	35.133212	-80.691445	10.0 mi	20 mins	11.97077129	19.2222091627	9.835	18.9833333333
14966	35.194928	-80.861517	35.508910	-80.845825	25.4 mi	29 mins	25.2799109239	29.456628357	25.367	28.7333333333
14967	35.415105	-80.883454	35.305114	-80.785900	14.2 mi	21 mins	14.2023864872	21.1802872212	13.781	23.4333333333
14968	35.039000	-80.851085	35.237918	-80.709299	29.8 mi	34 mins	23.7010813438	32.5836801607	23.808	32.4
14969	35.349409	-80.753176	35.405949	-80.901451	15.3 mi	24 mins	14.2508225445	23.4602269241	15.356	24.5333333333
14970	35.114565	-80.814359	35.052464	-80.817344	6.1 mi	13 mins	5.87956372379	12.0873137005	6.101	14.5166666667
14971	35.123291	-80.988710	35.448080	-80.872913	29.9 mi	33 mins	29.5866916516	33.3084852707	29.731	35.7
14972	35.341624	-80.771460	35.126585	-80.794228	19.2 mi	34 mins	23.6672850481	32.5545719677	18.929	29.5666666667
14973	35.109531	-80.725649	35.197983	-80.717397	7.7 mi	16 mins	7.65124885418	14.4443516516	8.681	14.3
14974	35.306811	-80.973211	35.125285	-80.776043	20.6 mi	33 mins	29.5388880726	34.4837579485	21.162	29.6
14975	35.067358	-80.818846	35.208876	-80.691082	23.1 mi	26 mins	22.2984587168	23.2707962174	23.147	26.1666666667
14976	35.192862	-80.832064	35.266676	-80.877203	7.2 mi	12 mins	7.12208806316	12.1088431474	7.504	11.0833333333
14977	35.429515	-80.887067	35.135880	-80.678430	30.2 mi	40 mins	30.332764488	39.6006776316	31.002	38.2166666667
14978	35.392046	-80.761370	35.132484	-80.813091	25.6 mi	37 mins	27.0440772228	37.4655514108	24.499	37.8666666667
14979	35.080579	-80.866553	35.089935	-80.849984	1.6 mi	4 mins	1.56458326991	4.10941510339	1.696	4.73333333333
14980	35.472645	-80.933668	35.216516	-80.673548	33.0 mi	42 mins	32.5940583732	42.931875439	33.38	43.6666666667
14981	35.375234	-80.753249	35.296548	-80.810076	9.2 mi	18 mins	9.83200073578	18.316690344	9.255	19.8666666667
14982	35.315211	-80.964193	35.157806	-80.977455	13.0 mi	15 mins	12.9886232338	15.2122571856	13.815	15.8833333333
14983	35.170433	-80.861891	35.152846	-80.690997	16.3 mi	29 mins	16.2098956073	28.9079394117	14.683	24.9
14984	35.132904	-80.680913	35.306278	-80.858586	19.7 mi	29 mins	19.6518071532	27.8889737418	20.123	25.7333333333
14985	35.417892	-80.832727	35.049997	-80.813201	32.6 mi	39 mins	32.3626241166	37.451475063	32.519	37.5166666667
14986	35.108822	-80.975083	35.174106	-80.987001	6.0 mi	13 mins	7.00891072	12.8878365971	8.507	14.45
14987	35.075933	-80.733098	35.290500	-80.844517	19.9 mi	34 mins	20.839124346	33.4243575632	20.891	31.8166666667
14988	35.266980	-80.781955	35.296571	-80.891819	9.9 mi	15 mins	9.83763482557	15.4250153028	10.153	16.1
14989	35.065103	-80.758073	35.023205	-80.845926	6.8 mi	13 mins	9.17797053495	13.2604545363	9.187	12.4166666667
14990	35.369357	-80.753487	35.326347	-80.884893	14.8 mi	23 mins	14.7425418013	23.2591092362	15.997	25.7333333333
14991	35.190132	-80.743054	35.090319	-80.891417	13.6 mi	27 mins	21.4312077936	28.6373766216	16.039	26.75
14992	35.246864	-80.745438	35.226384	-80.855048	8.2 mi	17 mins	9.0478457177	16.0903076827	8.426	14.7
14993	35.330224	-80.794441	35.094553	-80.972503	23.7 mi	31 mins	23.6542538094	30.139506036	25.758	32.1833333333
14994	35.315935	-80.695590	35.449150	-80.884918	20.7 mi	32 mins	21.1240895415	28.4950338803	18.761	26.6333333333
14995	35.244420	-80.797838	35.101765	-81.040047	21.5 mi	34 mins	22.5107864092	31.1807879553	20.73	29.1166666667
14996	35.235060	-80.787076	35.174999	-80.840935	6.8 mi	15 mins	8.04474279807	16.0232559086	8.37	13.8666666667
14997	35.402895	-80.759417	35.035841	-80.782769	35.3 mi	40 mins	37.5503471729	41.4413582451	35.447	45.1166666667
14998	35.239843	-80.712267	35.164643	-80.809067	9.5 mi	21 mins	9.39374309326	19.6340794757	9.928	18.1166666667
14999	35.414582	-80.846492	35.109574	-80.776139	24.5 mi	34 mins	28.6081071948	38.6903450809	24.68	31.9
15000	35.198608	-80.893225	35.508910	-80.845825	25.1 mi	29 mins	25.037693571	29.6060542161	24.993	28.4666666667
