ODIndex	originLat	originLng	destinationLat	destinationLng	ArcGISMile	ArcGISMin
70000	35.427916	-80.858494	35.146843	-80.801729	22.2839893765	30.3843454805
70001	35.050707	-80.846721	35.355947	-80.767166	30.2689227325	36.6648815202
70002	35.167097	-80.857767	35.172603	-80.873777	1.15242351997	4.08303675717
70003	35.124986	-80.800944	35.070083	-80.770680	6.6653201607	14.7256267486
70004	35.214478	-80.760358	35.160751	-80.766626	5.03854670637	11.5289489575
70005	35.132321	-80.750516	35.378212	-80.915154	23.4926365389	33.7239850772
70006	35.045484	-80.863339	35.082876	-80.908058	5.56465843573	10.8032182257
70007	35.131265	-80.993433	35.406975	-80.777775	28.8857256539	36.2097858559
70008	35.288590	-80.863810	35.297884	-80.883197	1.74180719456	3.93741010845
70009	35.161237	-80.800456	35.131367	-80.829617	3.8639028886	8.82821269475
70010	35.179891	-80.855739	35.212899	-80.844225	2.93238438694	6.79332697669
70011	35.222538	-80.716403	35.071170	-81.003207	27.2314648529	35.6552003556
70012	35.272802	-80.790810	35.329235	-80.806765	5.68178929091	11.9137734057
70013	35.308040	-80.891449	35.036873	-80.859753	24.9036343993	33.1685153269
70014	35.169726	-80.673979	35.210315	-80.673928	4.67519226138	9.18544147251
70015	35.124378	-80.862584	35.401530	-80.816700	24.7662611505	32.2645293427
70016	35.493762	-80.911328	35.472882	-80.896185	2.60763027581	6.95954034791
70017	35.096090	-80.771026	35.121147	-80.782421	2.46761300224	6.46874710676
70018	35.501311	-80.846375	35.258821	-80.684482	29.8547998719	36.813657674
70019	35.179878	-80.865865	35.163399	-80.865900	1.98619453768	5.76531765949
70020	35.141718	-80.697763	35.482112	-80.859313	30.3529076869	37.6045981148
70021	35.405682	-80.902286	35.187335	-80.735318	23.0140860225	28.1847210828
70022	35.078076	-80.895696	35.313369	-80.725621	24.9279185943	35.4427106775
70023	35.153493	-80.757268	35.423111	-80.830065	23.3337224613	31.224113075
70024	35.264643	-80.956077	35.230278	-80.900682	6.781553711	12.7461867607
70025	35.139965	-80.901337	35.212046	-80.609933	29.2574125006	31.5953376148
70026	35.324496	-80.963458	35.333436	-80.978968	1.99050578165	5.60207316865
70027	35.320834	-80.695853	35.038750	-80.805053	29.7124581517	30.5696612727
70028	35.211381	-80.620870	35.145923	-80.926771	28.7748322337	30.90469085
70029	35.103282	-80.964574	35.136443	-81.009495	6.11000154683	10.7685788871
70030	35.218332	-80.608726	35.478785	-80.882943	38.6210029552	40.5677518412
70031	35.198377	-80.845569	35.161905	-80.896250	5.96977413378	11.3069869382
70032	35.459738	-80.849045	35.498344	-80.844743	3.67956016745	8.06961824574
70033	35.075704	-80.989028	35.461809	-80.784325	35.689969473	42.4410484212
70034	35.250853	-80.931410	35.192106	-80.666796	20.7457161619	29.496611733
70035	35.133629	-80.689071	35.069286	-81.020258	29.2015430402	34.2255723059
70036	35.047017	-80.831535	35.069141	-80.821605	3.04200394609	5.75247476905
70037	35.070146	-80.760283	35.138924	-81.044326	22.1670352332	28.7778897606
70038	35.121899	-80.970599	35.239848	-80.640956	32.7187606553	36.3174085546
70039	35.097835	-80.801308	35.468820	-80.931752	38.5204852345	47.4808026171
70040	35.168852	-80.605177	35.423234	-80.794847	26.1611693283	30.1580078179
70041	35.184754	-80.787629	35.163780	-80.823153	3.42045609467	7.75145597413
70042	35.082057	-80.720745	35.419157	-80.901922	33.2835518159	45.3813657684
70043	35.244800	-80.864793	35.241027	-80.883793	1.47817232907	4.40218424188
70044	35.484590	-80.895457	35.173650	-80.845947	26.2134463119	30.8776989371
70045	35.414627	-80.835242	35.081746	-80.856239	28.5394186401	33.6387453573
70046	35.307129	-80.710463	35.015439	-80.825787	31.4111176878	34.5858335686
70047	35.042571	-80.872659	35.025366	-80.814631	4.74222108951	10.6006573168
70048	35.176126	-80.815734	35.160044	-80.795165	1.96284822185	3.80863669761
70049	35.484779	-80.833560	35.066001	-80.730213	42.9577418407	52.7723719552
70050	35.076039	-80.727037	35.286913	-80.979327	27.2289197103	31.8368934854
70051	35.139893	-80.875098	35.480040	-80.912043	28.729512997	35.2405320675
70052	35.290298	-80.881407	35.318952	-80.902433	3.39429903679	6.19924489624
70053	35.397918	-80.882627	35.401766	-80.912541	2.59423285064	5.11877105527
70054	35.465460	-80.785881	35.160196	-80.921064	28.355706844	36.7708573263
70055	35.198508	-80.645776	35.111904	-80.969698	30.5385486923	33.5619032686
70056	35.182418	-80.857002	35.167939	-80.796342	5.58007780425	11.6083016614
70057	35.079320	-80.811251	35.341428	-80.702216	30.7926971909	30.3668165249
70058	35.162482	-80.750898	35.448024	-80.881009	23.8777679609	29.5908697588
70059	35.191160	-80.841062	35.203684	-80.555236	20.6914895308	32.896044044
70060	35.152727	-80.768004	35.145931	-80.746357	2.88407528027	7.78261834353
70061	35.436301	-80.898023	35.125822	-80.672258	30.9920728453	40.8065553989
70062	35.274241	-80.734445	35.069469	-81.033995	31.1400680427	38.955845376
70063	35.490640	-80.910938	35.186264	-80.838412	24.6284471501	31.2961404226
70064	35.323882	-80.803462	35.376151	-80.779346	4.99438579374	10.0625558887
70065	35.472050	-80.858555	35.058492	-80.789373	36.5559747377	41.39342423
70066	35.213023	-80.737818	35.171754	-80.742039	5.42515063775	12.1797398955
70067	35.048991	-81.037031	35.070836	-81.024764	2.46923840865	4.72358200776
70068	35.049605	-80.815905	35.319638	-80.814698	26.4572957598	32.4473258711
70069	35.213167	-80.820847	35.225777	-80.831872	1.43851004146	4.17975140799
70070	35.068257	-80.767011	35.477518	-80.863776	39.3019569521	43.8159816694
70071	35.440248	-80.846853	35.096505	-80.972322	29.390485617	34.6756050104
70072	35.448533	-80.854871	35.160710	-80.723454	25.9130369654	33.2551046934
70073	35.087987	-80.710637	35.314999	-80.870319	22.0806982601	33.6412692875
70074	35.164994	-80.768070	35.120960	-80.783560	4.75182151437	9.58677447331
70075	35.077694	-80.759428	35.073174	-81.032058	23.2600557802	28.0023985647
70076	35.246195	-81.011251	35.194559	-80.635936	33.0609526907	33.799128386
70077	35.352668	-80.873215	35.320450	-80.825211	5.07539456022	10.5273908183
70078	35.134815	-80.933422	35.454420	-80.809543	30.6351367563	32.3202783389
70079	35.349120	-80.704607	35.342773	-80.702128	0.583833152787	2.00035047088
70080	35.316730	-80.952134	35.106121	-80.768661	27.3736984308	33.5585906288
70081	35.467756	-80.793434	35.131544	-80.936280	33.2009455727	38.7151464247
70082	35.481753	-80.859487	35.201137	-80.731365	26.2574150881	31.1702750747
70083	35.076055	-80.874758	35.384701	-80.763562	28.9826083975	34.8034056198
70084	35.083649	-80.912859	35.372840	-80.784775	27.4916095508	33.0933458409
70085	35.180592	-80.679060	35.244675	-80.685622	8.19698782834	15.3122213738
70086	35.190988	-80.745749	35.178503	-80.807880	5.2436213023	10.881142344
70087	35.327909	-80.736303	35.074038	-81.042366	31.4467977432	36.0044209502
70088	35.275508	-80.744718	35.257716	-80.681419	5.66091525493	11.9709030476
70089	35.359736	-80.862453	35.026468	-80.810149	32.2640229988	34.0307525069
70090	35.258545	-80.878068	35.216503	-80.840530	5.71880093144	7.24520560857
70091	35.094962	-80.786170	35.385039	-80.916806	32.4400570972	39.5429321335
70092	35.136534	-80.867658	35.456475	-80.865912	25.6685573478	31.3475246567
70093	35.105550	-80.978907	35.093987	-80.984700	3.07881168565	8.35752046545
70094	35.265931	-80.787543	35.308201	-80.835222	7.41759746201	11.0466914067
70095	35.462613	-80.914118	35.163003	-80.712863	31.2984276639	40.7659552679
70096	35.141293	-80.826703	35.107861	-80.853491	3.92288893367	8.19675963669
70097	35.242450	-80.829633	35.185530	-80.854986	6.05068099386	12.1179806308
70098	35.449225	-80.823636	35.116485	-80.719194	30.0618714194	38.4111253027
70099	35.279574	-80.918035	35.074608	-80.736234	28.938936997	34.978931065
70100	35.333929	-80.932622	35.101126	-80.755407	28.7656858171	35.4373953991
70101	35.486797	-80.907347	35.057740	-80.797848	38.5712488559	44.2982350808
70102	35.463293	-80.916592	35.104807	-80.782821	36.5108514351	48.9404172749
70103	35.113618	-80.815319	35.438734	-80.819370	30.1524585027	41.0952149378
70104	35.299395	-80.803768	35.343921	-80.824135	4.09626893769	6.70773477414
70105	35.343323	-80.861772	35.346160	-80.817785	4.61540884834	9.82995732071
70106	35.120314	-80.735069	35.438501	-80.896927	28.7491971195	36.804581158
70107	35.226184	-80.761789	35.193227	-80.762745	2.88323244627	6.75998187395
70108	35.187816	-80.729134	35.137200	-81.007427	25.2317973565	31.562414015
70109	35.122644	-80.819559	35.497316	-80.850607	32.6493844269	41.3273782154
70110	35.192948	-80.685918	35.110010	-80.971032	24.9014164289	34.2089814903
70111	35.381479	-80.925399	35.112420	-80.760428	25.5116351976	37.2498500196
70112	35.328150	-80.727000	35.133821	-80.934736	23.3183109716	26.6857155801
70113	35.248528	-80.848418	35.289275	-80.862810	3.42014856776	7.33211247197
70114	35.231985	-80.869395	35.254361	-80.839454	4.07318131521	7.02502545354
70115	35.217534	-80.874859	35.497221	-80.814581	24.6734395695	29.2314121464
70116	35.051222	-80.810745	35.339044	-80.784195	30.7639267071	35.8431756695
70117	35.164161	-80.866612	35.132169	-80.873858	3.00418718628	6.69333639774
70118	35.202642	-80.778140	35.190041	-80.735292	3.65002704464	7.79753348509
70119	35.429695	-80.947411	35.033481	-80.848172	38.6270987986	42.0339839494
70120	35.059414	-80.879297	35.444520	-80.898075	31.6686212032	37.3299834525
70121	35.122208	-80.753275	35.482479	-80.850965	30.9978039989	40.3020671193
70122	35.044894	-80.801680	35.339590	-80.704189	30.3568579213	30.2846083101
70123	35.189499	-80.819985	35.153069	-80.863378	5.92781895864	12.3735412537
70124	35.179384	-80.836977	35.135221	-80.791560	5.28726183202	12.1933591357
70125	35.082311	-80.867889	35.105615	-80.829966	3.19992408036	6.52809605622
70126	35.236693	-80.947831	35.490245	-80.844119	27.1978988176	31.9845675341
70127	35.150303	-80.768832	35.109050	-80.761884	3.7078736461	7.33735506498
70128	35.417104	-80.826722	35.126038	-80.999472	27.6829559454	32.2966092355
70129	35.389622	-80.881661	35.091033	-80.990211	25.0394802142	29.5665193131
70130	35.107432	-80.729287	35.165558	-80.748729	4.86836096645	9.10581964498
70131	35.145900	-81.018470	35.474708	-80.829819	32.8188162963	38.0078160925
70132	35.184517	-80.722796	35.488942	-80.856657	28.2028723443	36.5291289621
70133	35.405470	-80.836527	35.135527	-80.931004	25.2553927278	28.2187060205
70134	35.414800	-80.853107	35.175426	-80.987631	23.8972789916	25.7503519815
70135	35.297040	-80.685943	35.299988	-80.705130	1.75946700013	5.70455068164
70136	35.229233	-80.810066	35.202638	-80.786001	3.35733151957	7.05000798445
70137	35.080595	-80.746803	35.088464	-80.716625	4.41874980817	9.09468534194
70138	35.196306	-80.770038	35.464864	-80.885557	23.9545235775	29.1290561907
70139	35.416188	-80.842634	35.474708	-80.829819	4.94271077445	8.3672464587
70140	35.449065	-80.857781	35.238743	-80.657660	32.5967350506	35.4970671273
70141	35.107984	-80.756211	35.274506	-80.989130	27.0925436489	31.3072431038
70142	35.231410	-80.845845	35.201118	-80.792614	5.86161869666	8.02769430827
70143	35.022231	-80.850792	35.432984	-80.792643	35.4483338233	41.5141307612
70144	35.211000	-80.854318	35.239528	-80.819635	3.72646568934	6.81193317685
70145	35.460352	-80.897165	35.197653	-80.815775	23.0223878272	31.0251304959
70146	35.196318	-80.756895	35.228113	-80.732683	3.69471392828	8.50642952084
70147	35.282125	-80.861139	35.333072	-80.830672	5.08106843884	9.58865136514
70148	35.097524	-81.035255	35.080938	-80.719045	23.7642123497	32.9138679606
70149	35.081460	-80.782077	35.498755	-80.842205	42.2282504327	47.2802146354
70150	35.119747	-80.968516	35.180096	-80.634570	28.1484595958	31.332879703
70151	35.196420	-80.638964	35.291046	-80.903376	27.0385454186	27.6770306935
70152	35.221807	-80.715882	35.486978	-80.827299	25.9712948452	37.5616841147
70153	35.036687	-80.818595	35.333368	-80.969233	28.2335776268	32.1089322761
70154	35.239094	-80.683162	35.464150	-80.890102	28.3059858635	37.6622253581
70155	35.145485	-80.903121	35.470880	-80.891454	26.7948929582	30.4263986637
70156	35.164454	-80.763812	35.150947	-80.803080	3.35746456907	8.38562236906
70157	35.039194	-80.804982	35.454420	-80.809543	37.2128384398	41.4189580838
70158	35.218776	-80.883544	35.278019	-80.862996	7.07115958898	9.62133636778
70159	35.245815	-80.804455	35.184272	-80.796696	7.11924733882	13.2565875619
70160	35.217837	-80.677126	35.228412	-80.999216	23.368219144	32.8389387813
70161	35.163421	-80.852871	35.176249	-80.824453	3.30645003534	7.48517368936
70162	35.448048	-80.855702	35.165379	-80.666770	29.6137105466	38.4706268858
70163	35.246658	-80.722194	35.145900	-81.018470	30.4716949802	39.2701540913
70164	35.416451	-80.931527	35.028581	-80.818362	35.4175783363	43.2692901586
70165	35.095140	-80.713533	35.171713	-80.987910	22.1616895678	28.0910458572
70166	35.131207	-80.663648	35.428921	-80.827763	32.5893501336	37.8893878524
70167	35.080869	-80.888843	35.454482	-80.852071	30.7052808734	35.9296627537
70168	35.039346	-80.831961	35.307443	-80.867122	24.6844892621	29.588485973
70169	35.228596	-80.697756	35.246550	-80.673492	3.26430609775	7.43391071135
70170	35.020001	-80.822608	35.446614	-80.775932	40.4679269049	48.3792111226
70171	35.053380	-80.872648	35.325408	-80.810567	24.1284369865	32.5715136982
70172	35.131008	-81.014503	35.483345	-80.851270	32.1728587872	36.7198333637
70173	35.249277	-80.766576	35.188209	-80.749153	6.42366987651	13.2770231974
70174	35.440479	-80.840062	35.120257	-80.675211	34.6329093438	38.530650779
70175	35.099333	-80.966441	35.446562	-80.884193	30.2001851969	35.7925113284
70176	35.178022	-80.899778	35.225772	-80.879112	5.82341574267	8.64467808799
70177	35.394079	-80.756631	35.162962	-80.606668	22.5736093991	27.8845278671
70178	35.117447	-80.780758	35.430396	-80.850244	27.0599620514	35.8997494722
70179	35.221237	-80.836089	35.212200	-80.900696	4.98147934544	8.23522453392
70180	35.156421	-80.755961	35.138791	-80.756017	3.68786305338	7.73039639687
70181	35.052923	-80.808341	35.082024	-80.831915	3.60350061285	7.52548705179
70182	35.131629	-81.037353	35.412146	-80.764524	31.6310035541	40.3891056438
70183	35.178206	-80.791963	35.147370	-80.795240	2.85598947236	5.84140534373
70184	35.347724	-80.954557	35.095756	-80.744854	32.442856374	40.3774745516
70185	35.051139	-80.849966	35.467977	-80.853275	34.8757818719	40.0921160734
