ODIndex	originLat	originLng	destinationLat	destinationLng	GoogleMile	GoogleMin	ArcGISMile	ArcGISMin	OSMMile	OSMMin
15001	35.246610	-80.843687	35.239332	-80.765759	6.1 mi	14 mins	999	999	6.539	12.15
15002	35.279748	-80.684347	35.080834	-80.893775	30.0 mi	30 mins	999	999	30.045	31.5
15003	35.288658	-80.952413	35.291117	-80.686086	19.1 mi	28 mins	999	999	20.57	32.25
15004	35.106213	-80.973639	35.291176	-80.928182	16.5 mi	23 mins	999	999	18.962	26.45
15005	35.198110	-80.892836	35.116399	-80.871486	8.0 mi	15 mins	999	999	7.564	13.2666666667
15006	35.207767	-80.907099	35.029878	-80.807623	18.2 mi	23 mins	999	999	18.197	22.15
15007	35.393911	-80.879942	35.301300	-80.878162	8.5 mi	14 mins	999	999	8.484	14.85
15008	35.022052	-80.813850	35.248815	-80.813734	22.7 mi	30 mins	999	999	23.102	30.5
15009	35.254133	-80.857514	35.200460	-80.714642	10.4 mi	16 mins	999	999	10.402	14.15
15010	35.122134	-80.869432	35.227928	-80.778265	10.8 mi	23 mins	999	999	10.769	19.1
15011	35.125257	-80.780183	35.303791	-80.678409	17.0 mi	31 mins	999	999	20.183	28.7666666667
15012	35.284590	-80.864965	35.446085	-80.884684	13.6 mi	18 mins	999	999	13.722	19.3166666667
15013	35.169891	-80.664858	35.085347	-80.750880	9.4 mi	19 mins	999	999	9.589	18.8
15014	35.137288	-80.892104	35.095447	-80.802087	11.3 mi	19 mins	999	999	10.158	17.95
15015	35.161922	-80.718009	35.204291	-80.927795	15.0 mi	22 mins	999	999	15.035	22.1166666667
15016	35.413805	-80.840803	35.250984	-80.672376	20.9 mi	30 mins	999	999	21.878	31.75
15017	35.224871	-80.828611	35.333056	-80.806253	12.4 mi	15 mins	999	999	12.362	14.1833333333
15018	35.230074	-80.711215	35.186637	-80.692028	5.2 mi	11 mins	999	999	5.173	9.85
15019	35.099193	-80.872443	35.299398	-80.698664	26.0 mi	33 mins	999	999	26.03	32.4833333333
15020	35.317564	-80.776275	35.316527	-80.790324	1.1 mi	4 mins	999	999	1.137	3.11666666667
15021	35.126182	-80.704916	35.248277	-80.888326	16.7 mi	24 mins	999	999	16.353	21.3666666667
15022	35.081997	-80.775939	35.091275	-81.016690	20.1 mi	27 mins	999	999	20.098	24.4833333333
15023	35.434619	-80.824944	35.088762	-80.910476	29.5 mi	37 mins	999	999	30.397	36.4666666667
15024	35.188661	-80.715763	35.096243	-80.713083	9.6 mi	21 mins	999	999	9.637	20.1
15025	35.462256	-80.845470	35.207943	-80.835814	22.1 mi	26 mins	999	999	20.849	24.0666666667
15026	35.131102	-80.937671	35.083454	-80.840679	8.8 mi	14 mins	999	999	8.78	12.3166666667
15027	35.344336	-80.711145	35.342273	-80.816203	10.9 mi	17 mins	999	999	9.801	17.1833333333
15028	35.238992	-80.685163	35.214208	-80.759245	6.0 mi	12 mins	999	999	6.382	14.6
15029	35.266980	-80.781955	35.168943	-80.770003	9.5 mi	19 mins	999	999	9.982	16.5
15030	35.110158	-80.819401	35.094729	-80.840420	2.2 mi	5 mins	999	999	2.206	5.63333333333
15031	35.213637	-80.835196	35.102697	-80.992134	14.2 mi	22 mins	999	999	14.258	19.2833333333
15032	35.079563	-80.781545	35.280068	-80.901657	17.8 mi	31 mins	999	999	18.063	26.65
15033	35.132240	-80.806431	35.246103	-80.778070	10.1 mi	21 mins	999	999	10.118	16.7833333333
15034	35.163859	-80.792155	35.174441	-80.807637	1.6 mi	4 mins	999	999	1.581	3.46666666667
15035	35.260108	-80.889031	35.219544	-80.828979	6.4 mi	11 mins	999	999	5.604	9.35
15036	35.303007	-80.697127	35.282342	-80.896671	14.2 mi	21 mins	999	999	13.791	20.1833333333
15037	35.482431	-80.858166	35.318952	-80.821690	15.9 mi	19 mins	999	999	12.554	18.5666666667
15038	35.433171	-80.854923	35.177756	-80.934017	22.5 mi	30 mins	999	999	23.22	30.1666666667
15039	35.116399	-80.871486	35.280997	-80.906404	15.8 mi	23 mins	999	999	15.771	21.5333333333
15040	35.355215	-80.817665	35.409769	-80.906762	9.2 mi	14 mins	999	999	9.127	14.0666666667
15041	35.358708	-80.782153	35.243460	-80.802784	10.9 mi	16 mins	999	999	11.384	19.2166666667
15042	35.211712	-80.891638	35.282245	-80.967527	10.1 mi	15 mins	999	999	10.077	15.2
15043	35.202152	-80.796214	35.450777	-80.855479	20.3 mi	23 mins	999	999	20.526	24.6166666667
15044	35.022586	-80.826825	35.173011	-80.612487	19.1 mi	25 mins	999	999	21.651	25.7833333333
15045	35.105235	-80.991009	35.148218	-80.878719	8.9 mi	18 mins	999	999	8.886	16.25
15046	35.266237	-80.968427	35.311721	-80.987767	7.7 mi	18 mins	999	999	5.307	11.7333333333
15047	35.250987	-80.948059	35.255468	-80.852267	8.1 mi	12 mins	999	999	8.123	12.45
15048	35.046568	-80.815747	35.306009	-80.859090	24.5 mi	28 mins	999	999	24.485	26.5833333333
15049	35.038701	-80.771328	35.307303	-80.886961	28.3 mi	34 mins	999	999	22.495	31.9
15050	35.216580	-80.788806	35.038272	-80.851149	21.9 mi	26 mins	999	999	15.792	25.6166666667
15051	35.289481	-80.734938	35.236157	-80.716511	5.7 mi	10 mins	999	999	5.709	11.0833333333
15052	35.219357	-80.852841	35.164055	-80.791347	5.9 mi	13 mins	999	999	6.086	10.6666666667
15053	35.059206	-80.877495	35.460605	-80.840861	34.6 mi	42 mins	999	999	34.119	40.7
15054	35.213283	-80.838914	35.320431	-80.691192	14.9 mi	21 mins	999	999	14.851	19.6333333333
15055	35.360805	-80.856893	35.186360	-80.868281	15.4 mi	21 mins	999	999	15.374	20.6333333333
15056	35.309022	-80.936631	35.107032	-80.969345	18.3 mi	23 mins	999	999	19.853	23.7333333333
15057	35.031282	-80.819602	35.232247	-80.879898	19.6 mi	26 mins	999	999	19.657	26.05
15058	35.450959	-80.880669	35.247536	-80.798576	17.4 mi	25 mins	999	999	19.795	25.45
15059	35.054225	-80.862408	35.094577	-80.727573	11.2 mi	17 mins	999	999	11.192	18.5333333333
15060	35.150465	-80.863551	35.058866	-80.788368	12.4 mi	21 mins	999	999	12.407	18.8833333333
15061	35.209022	-80.800590	35.451266	-80.879417	20.4 mi	25 mins	999	999	20.9	25.55
15062	35.218975	-80.784168	35.240041	-80.862258	7.2 mi	11 mins	999	999	7.14	11.2833333333
15063	35.470562	-80.942225	35.090770	-80.920116	34.3 mi	40 mins	999	999	34.331	45.9666666667
15064	35.219988	-80.757750	35.442960	-80.895188	23.6 mi	28 mins	999	999	23.661	26.6666666667
15065	35.213869	-80.777380	35.211291	-80.835428	4.5 mi	8 mins	999	999	4.529	7.21666666667
15066	35.233301	-80.901867	35.132775	-80.837002	12.0 mi	22 mins	999	999	11.588	19.5
15067	35.149572	-80.960579	35.234935	-80.868578	12.5 mi	15 mins	999	999	12.516	16.2166666667
15068	35.257554	-80.757580	35.098700	-80.771606	15.0 mi	30 mins	999	999	15.004	25.05
15069	35.222733	-80.728920	35.163464	-80.625166	8.6 mi	16 mins	999	999	9.422	15.15
15070	35.206598	-80.810050	35.153348	-80.922802	10.7 mi	18 mins	999	999	10.779	15.15
15071	35.165520	-80.722402	35.226815	-80.854455	10.6 mi	18 mins	999	999	10.428	17.0166666667
15072	35.228737	-80.898373	35.023608	-80.845382	19.2 mi	26 mins	999	999	19.36	23.6666666667
15073	35.438388	-80.850545	35.252571	-80.734505	18.3 mi	30 mins	999	999	18.368	27.4
15074	35.257536	-80.815298	35.231171	-80.904930	8.0 mi	13 mins	999	999	7.955	12.1
15075	35.263190	-80.847002	35.422212	-80.834106	13.3 mi	17 mins	999	999	14.867	21.85
15076	35.406429	-80.903380	35.185404	-80.899469	20.5 mi	24 mins	999	999	20.57	23.8333333333
15077	35.327679	-80.792678	35.308534	-80.953767	12.1 mi	19 mins	999	999	12.14	19.5333333333
15078	35.096900	-80.864614	35.410752	-80.947336	31.3 mi	38 mins	999	999	29.696	41.3
15079	35.060310	-80.806409	35.386511	-80.748294	33.7 mi	36 mins	999	999	34.186	37.15
15080	35.272164	-80.808517	35.336099	-80.719251	9.1 mi	12 mins	999	999	8.051	11.75
15081	35.073925	-80.788876	35.160408	-80.978748	16.1 mi	21 mins	999	999	16.125	21.2333333333
15082	35.385713	-80.841401	35.256212	-80.892264	12.9 mi	15 mins	999	999	12.874	16.9
15083	35.309638	-80.966027	35.465236	-80.858532	17.8 mi	23 mins	999	999	17.904	25.0833333333
15084	35.367842	-80.832109	35.280696	-80.923512	12.1 mi	14 mins	999	999	13.774	18.3666666667
15085	35.171635	-80.720918	35.215782	-80.748689	5.4 mi	13 mins	999	999	4.684	10.7666666667
15086	35.264650	-80.848457	35.225351	-80.808026	5.2 mi	11 mins	999	999	5.166	11.2166666667
15087	35.347870	-80.784142	35.248371	-80.859755	13.3 mi	18 mins	999	999	13.293	20.3333333333
15088	35.112087	-80.867067	35.278428	-80.991950	19.4 mi	25 mins	999	999	20.184	29.0833333333
15089	35.194850	-80.748823	35.100024	-80.726889	9.7 mi	21 mins	999	999	9.88	18.05
15090	35.313165	-80.976821	35.316733	-80.827088	10.8 mi	19 mins	999	999	12.361	18.4666666667
15091	35.301270	-80.962063	35.344988	-80.808601	13.1 mi	20 mins	999	999	13.765	20.8166666667
15092	35.330733	-80.783824	35.256600	-80.902729	11.6 mi	16 mins	999	999	13.634	17.1166666667
15093	35.218866	-80.796931	35.110305	-80.983995	17.5 mi	26 mins	999	999	16.211	23.5166666667
15094	35.258278	-80.760274	35.057743	-80.821682	19.0 mi	35 mins	999	999	19.1	32.0
15095	35.275497	-80.863167	35.027637	-80.810327	23.9 mi	29 mins	999	999	23.975	28.4666666667
15096	35.279321	-80.716833	35.187734	-80.733586	7.7 mi	14 mins	999	999	8.032	13.95
15097	35.189897	-80.618075	35.049632	-80.807787	18.0 mi	20 mins	999	999	17.775	21.4666666667
15098	35.302169	-80.786432	35.283025	-80.796144	2.0 mi	5 mins	999	999	2.019	5.15
15099	35.258278	-80.760274	35.218630	-80.823737	5.7 mi	12 mins	999	999	5.738	13.1833333333
15100	35.263908	-80.819093	35.217007	-80.802518	4.9 mi	11 mins	999	999	5.552	11.6166666667
15101	35.167021	-80.759631	35.167088	-80.995959	20.3 mi	33 mins	999	999	19.687	33.7166666667
15102	35.328685	-80.721912	35.261795	-80.735486	6.6 mi	12 mins	999	999	6.617	11.8833333333
15103	35.329014	-80.722467	35.266885	-80.895344	13.6 mi	18 mins	999	999	12.477	19.2666666667
15104	35.325485	-80.897736	35.291386	-80.815993	7.0 mi	12 mins	999	999	7.115	14.2166666667
15105	35.274823	-80.769352	35.289795	-80.815959	5.9 mi	12 mins	999	999	6.865	13.6
15106	35.259209	-80.893594	35.228114	-80.997330	9.3 mi	13 mins	999	999	8.726	15.3666666667
15107	35.046233	-80.827816	35.201354	-80.826515	14.4 mi	26 mins	999	999	14.571	22.85
15108	35.308771	-80.723777	35.027866	-80.854486	32.6 mi	34 mins	999	999	28.957	34.8
15109	35.125364	-80.718595	35.187656	-80.806739	8.6 mi	15 mins	999	999	9.3	13.9666666667
15110	35.137288	-80.892104	35.153916	-81.002135	9.2 mi	14 mins	999	999	9.122	16.0
15111	35.101596	-80.856516	35.444520	-80.898075	31.1 mi	36 mins	999	999	28.982	34.9166666667
15112	35.041647	-80.809294	35.345868	-80.851505	27.3 mi	32 mins	999	999	27.347	30.55
15113	35.236137	-80.732547	35.034739	-80.773835	18.4 mi	29 mins	999	999	18.451	25.4666666667
15114	35.196425	-80.916451	35.306983	-80.815657	13.2 mi	17 mins	999	999	13.209	17.4
15115	35.234017	-80.778436	35.168628	-80.785975	6.0 mi	12 mins	999	999	6.024	10.9666666667
15116	35.212992	-80.810419	35.497316	-80.850607	23.3 mi	28 mins	999	999	22.766	27.1166666667
15117	35.247125	-80.754798	35.470657	-80.851779	22.9 mi	30 mins	999	999	23.033	28.2166666667
15118	35.115469	-80.749249	35.411862	-80.834292	26.6 mi	36 mins	999	999	26.775	34.0333333333
15119	35.287077	-80.888390	35.281667	-80.877713	0.9 mi	1 min	999	999	0.866	2.03333333333
15120	35.269435	-80.689164	35.103115	-80.780635	16.4 mi	30 mins	999	999	17.972	29.8166666667
15121	35.050658	-80.859190	35.137445	-80.890624	8.6 mi	19 mins	999	999	9.141	15.95
15122	35.152979	-80.965886	35.420543	-80.832761	24.7 mi	27 mins	999	999	25.252	29.15
15123	35.272065	-80.912377	35.243788	-80.808008	8.2 mi	15 mins	999	999	8.712	15.8666666667
15124	35.209903	-80.909725	35.306201	-80.993166	11.6 mi	15 mins	999	999	11.644	16.3666666667
15125	35.447544	-80.878683	35.245778	-80.978044	20.0 mi	22 mins	999	999	19.996	24.3166666667
15126	35.262017	-80.658043	35.247357	-80.688445	3.9 mi	8 mins	999	999	3.985	10.1166666667
15127	35.192289	-80.881752	35.158103	-80.721550	13.5 mi	22 mins	999	999	13.502	19.4333333333
15128	35.079749	-80.746395	35.020417	-80.855767	9.4 mi	19 mins	999	999	11.255	17.9666666667
15129	35.203454	-80.800730	35.144096	-80.828098	5.8 mi	13 mins	999	999	5.792	9.8
15130	35.434599	-80.843766	35.138258	-80.894427	22.8 mi	26 mins	999	999	22.625	25.3833333333
15131	35.301118	-80.790011	35.483888	-80.852617	17.6 mi	25 mins	999	999	18.069	25.85
15132	35.285103	-80.926574	35.468849	-80.808390	21.8 mi	26 mins	999	999	23.019	29.65
15133	35.198652	-80.794367	35.231600	-80.719001	6.2 mi	12 mins	999	999	6.48	10.25
15134	35.338423	-80.774454	35.400214	-80.764293	5.8 mi	11 mins	999	999	5.815	14.0
15135	35.343636	-80.782623	35.479524	-80.818482	12.5 mi	22 mins	999	999	15.768	25.9833333333
15136	35.183750	-80.828156	35.461746	-80.814386	23.7 mi	30 mins	999	999	23.4	29.6666666667
15137	35.194591	-80.747998	35.038202	-80.837996	20.8 mi	33 mins	999	999	21.918	27.7
15138	35.198102	-80.828934	35.382028	-80.782880	17.6 mi	23 mins	999	999	17.5	23.8666666667
15139	35.048084	-80.879579	35.409769	-80.906762	32.3 mi	40 mins	999	999	32.154	38.9666666667
15140	35.157759	-80.865353	35.316624	-80.802444	16.3 mi	24 mins	999	999	16.275	22.5833333333
15141	35.268290	-80.850896	35.117199	-80.717841	14.7 mi	23 mins	999	999	16.024	21.85
15142	35.308389	-80.711632	35.273987	-80.816161	7.4 mi	13 mins	999	999	7.086	11.0666666667
15143	35.313749	-80.793432	35.131692	-80.933553	19.7 mi	25 mins	999	999	17.775	25.0833333333
15144	35.274191	-80.743982	35.209001	-80.920423	16.1 mi	23 mins	999	999	15.118	21.9833333333
15145	35.275347	-80.689270	35.159986	-80.923708	21.4 mi	29 mins	999	999	22.968	29.0833333333
15146	35.201239	-80.895583	35.027004	-80.848327	16.1 mi	22 mins	999	999	16.101	19.8666666667
15147	35.344521	-80.790068	35.442738	-80.775264	10.4 mi	17 mins	999	999	13.626	21.4666666667
15148	35.147448	-80.862386	35.248221	-80.800731	9.6 mi	21 mins	999	999	10.822	18.3666666667
15149	35.231370	-80.901956	35.388526	-80.751880	18.9 mi	25 mins	999	999	18.884	26.2166666667
15150	35.191668	-80.702390	35.337955	-80.810305	15.0 mi	24 mins	999	999	14.577	22.8666666667
15151	35.107740	-80.769850	35.218252	-80.927524	14.8 mi	28 mins	999	999	15.528	24.6333333333
15152	35.046568	-80.815747	35.181816	-80.817749	11.9 mi	21 mins	999	999	11.856	18.35
15153	35.192365	-80.769122	35.316085	-80.960060	15.2 mi	21 mins	999	999	15.612	18.65
15154	35.256593	-80.723230	35.278121	-80.937394	17.5 mi	23 mins	999	999	17.202	23.05
15155	35.192779	-80.737167	35.305042	-80.717287	9.8 mi	18 mins	999	999	9.841	18.5833333333
15156	35.196420	-80.638964	35.071571	-80.721411	14.1 mi	18 mins	999	999	12.209	20.0833333333
15157	35.217534	-80.874859	35.169880	-80.854978	5.5 mi	9 mins	999	999	5.818	8.35
15158	35.327221	-80.932016	35.068273	-80.882459	22.7 mi	28 mins	999	999	22.549	26.8333333333
15159	35.430167	-80.880800	35.077485	-81.040025	32.9 mi	41 mins	999	999	33.599	44.45
15160	35.202763	-80.781315	35.224548	-80.630817	10.7 mi	18 mins	999	999	9.924	15.1166666667
15161	35.194485	-80.805279	35.220309	-80.764073	4.1 mi	10 mins	999	999	4.061	9.0
15162	35.497221	-80.814581	35.275520	-80.724466	24.0 mi	34 mins	999	999	24.829	35.1833333333
15163	35.218461	-80.859298	35.288354	-80.821908	6.5 mi	10 mins	999	999	6.5	10.8333333333
15164	35.360615	-80.857702	35.285162	-80.902999	10.0 mi	14 mins	999	999	9.983	13.6666666667
15165	35.263649	-80.949851	35.136185	-80.758218	20.5 mi	29 mins	999	999	21.142	29.9666666667
15166	35.090770	-80.920116	35.337603	-80.874099	20.3 mi	25 mins	999	999	21.571	24.7833333333
15167	35.435738	-80.852388	35.144107	-80.771696	26.4 mi	33 mins	999	999	26.475	33.2666666667
15168	35.254970	-80.855873	35.088697	-80.797704	14.5 mi	25 mins	999	999	14.678	22.0333333333
15169	35.269708	-80.877139	35.303279	-80.692407	13.6 mi	22 mins	999	999	13.539	21.7333333333
15170	35.423668	-80.847760	35.302094	-80.979584	14.9 mi	20 mins	999	999	15.181	20.9833333333
15171	35.166653	-80.773345	35.189040	-80.640011	10.2 mi	19 mins	999	999	10.222	16.9333333333
15172	35.023596	-80.845910	35.373019	-80.829329	29.8 mi	34 mins	999	999	29.592	32.3166666667
15173	35.220505	-80.876350	35.392810	-80.772859	16.8 mi	21 mins	999	999	16.86	23.3666666667
15174	35.215927	-80.784452	35.308017	-80.716008	10.6 mi	21 mins	999	999	9.417	14.0
15175	35.279814	-80.803175	35.130546	-80.666635	25.9 mi	27 mins	999	999	17.796	26.25
15176	35.262422	-80.858850	35.175134	-80.728377	11.6 mi	18 mins	999	999	11.656	17.8833333333
15177	35.204050	-80.802045	35.145505	-80.706377	8.2 mi	14 mins	999	999	9.041	14.4333333333
15178	35.115596	-80.782726	35.242858	-80.835259	10.5 mi	20 mins	999	999	10.457	16.1
15179	35.191672	-80.923152	35.251358	-80.989057	8.2 mi	13 mins	999	999	9.02	13.05
15180	35.111625	-80.789675	35.254294	-80.681062	15.7 mi	28 mins	999	999	16.848	29.4
15181	35.234326	-80.830824	35.226142	-80.884400	4.2 mi	7 mins	999	999	3.626	6.23333333333
15182	35.369640	-80.804332	35.172443	-80.924652	20.8 mi	26 mins	999	999	20.6	26.4333333333
15183	35.277729	-80.776546	35.391693	-80.876831	15.8 mi	20 mins	999	999	15.86	20.5166666667
15184	35.307951	-80.971488	35.163324	-80.764787	18.8 mi	28 mins	999	999	19.502	26.6833333333
15185	35.288681	-80.964434	35.420169	-80.908265	16.7 mi	20 mins	999	999	16.611	20.7166666667
15186	35.153782	-80.987484	35.257491	-80.832710	17.4 mi	20 mins	999	999	17.169	21.2333333333
15187	35.252848	-80.741521	35.121417	-81.010808	27.4 mi	35 mins	999	999	23.382	35.8333333333
15188	35.163965	-80.675626	35.348649	-80.812721	25.3 mi	33 mins	999	999	24.24	32.1666666667
15189	35.265071	-80.851475	35.482659	-80.850007	17.6 mi	21 mins	999	999	17.624	20.7166666667
15190	35.239142	-80.645699	35.409879	-80.813616	22.4 mi	29 mins	999	999	23.2	34.9
15191	35.358224	-80.774376	35.218615	-80.916179	18.4 mi	23 mins	999	999	18.574	25.9833333333
15192	35.297290	-80.716977	35.075993	-80.850757	32.2 mi	36 mins	999	999	20.529	34.8333333333
15193	35.331675	-80.854460	35.167987	-80.666800	20.3 mi	30 mins	999	999	20.291	27.7333333333
15194	35.214467	-80.911774	35.225152	-80.983077	7.5 mi	13 mins	999	999	7.562	15.4666666667
15195	35.153447	-80.886133	35.326340	-80.798447	17.5 mi	22 mins	999	999	17.483	21.1333333333
15196	35.217534	-80.874859	35.326090	-80.804623	11.8 mi	15 mins	999	999	11.81	14.7666666667
15197	35.263710	-80.825309	35.309536	-80.970842	11.9 mi	18 mins	999	999	12.277	17.5
15198	35.259304	-80.887659	35.518049	-80.849825	25.2 mi	29 mins	999	999	23.477	28.7666666667
15199	35.071926	-80.738460	35.305934	-80.792897	29.5 mi	36 mins	999	999	21.87	32.85
15200	35.142268	-80.704215	35.297400	-80.961731	20.6 mi	32 mins	999	999	21.447	31.9333333333
15201	35.419282	-80.843505	35.164315	-80.943263	22.3 mi	28 mins	999	999	22.292	27.3833333333
15202	35.238302	-80.951075	35.130822	-80.901786	13.0 mi	16 mins	999	999	10.742	15.4333333333
15203	35.331733	-80.801892	35.171547	-80.708120	15.3 mi	24 mins	999	999	15.356	23.2833333333
15204	35.132274	-80.700170	35.361318	-80.907720	24.8 mi	36 mins	999	999	24.885	34.9333333333
15205	35.257407	-80.748299	35.031526	-80.828742	23.5 mi	37 mins	999	999	24.817	35.3666666667
15206	35.340920	-80.787061	35.017161	-80.824516	29.9 mi	40 mins	999	999	32.186	41.2833333333
15207	35.092177	-80.716085	35.040426	-80.774149	6.6 mi	12 mins	999	999	6.559	13.5166666667
15208	35.459173	-80.888605	35.146897	-80.700577	29.0 mi	36 mins	999	999	29.803	37.0333333333
15209	35.236066	-80.832886	35.025617	-80.819569	21.2 mi	27 mins	999	999	20.764	25.5666666667
15210	35.109744	-80.772042	35.497994	-80.884260	30.3 mi	40 mins	999	999	30.285	38.95
15211	35.265561	-80.887346	35.103482	-80.727898	16.6 mi	27 mins	999	999	16.792	24.55
15212	35.247792	-80.852051	35.229664	-80.826342	2.9 mi	6 mins	999	999	2.934	6.15
15213	35.141725	-80.819086	35.059569	-80.790664	8.1 mi	16 mins	999	999	10.754	16.4333333333
15214	35.475863	-80.857694	35.210524	-80.673358	29.0 mi	37 mins	999	999	30.852	36.8
15215	35.166323	-80.829993	35.257192	-80.837887	8.6 mi	15 mins	999	999	8.499	12.5166666667
15216	35.174271	-80.990917	35.303082	-80.786030	17.9 mi	25 mins	999	999	20.651	27.0
15217	35.194719	-80.722261	35.145452	-80.923237	17.7 mi	24 mins	999	999	16.924	22.15
15218	35.318570	-80.855511	35.152214	-80.939407	15.0 mi	21 mins	999	999	15.363	20.9666666667
15219	35.164751	-80.671419	35.073721	-80.854074	18.5 mi	23 mins	999	999	14.429	22.4166666667
15220	35.290691	-80.710917	35.237804	-80.779315	8.7 mi	15 mins	999	999	7.962	14.6
15221	35.035669	-80.862883	35.090923	-80.810414	7.5 mi	13 mins	999	999	7.467	12.4833333333
15222	35.361347	-80.804277	35.233905	-80.933328	19.2 mi	22 mins	999	999	17.356	23.4166666667
15223	35.302224	-80.981542	35.236666	-80.799757	13.0 mi	22 mins	999	999	14.73	21.7333333333
15224	35.146371	-80.922607	35.410218	-80.953209	26.1 mi	34 mins	999	999	24.983	37.1333333333
15225	35.406975	-80.777775	35.466178	-80.834060	10.5 mi	18 mins	999	999	10.686	25.7
15226	35.340154	-80.870473	35.328491	-80.707062	13.7 mi	24 mins	999	999	15.839	24.4166666667
15227	35.253700	-80.876534	35.088514	-80.829557	19.5 mi	26 mins	999	999	19.036	24.85
15228	35.241764	-80.866793	35.180368	-80.847493	6.0 mi	14 mins	999	999	5.895	12.5333333333
15229	35.169896	-80.718421	35.211244	-80.763171	5.2 mi	12 mins	999	999	5.228	10.8833333333
15230	35.468781	-80.880537	35.126041	-80.749389	29.5 mi	37 mins	999	999	30.396	39.1833333333
15231	35.444129	-80.865889	35.338571	-80.714173	17.8 mi	27 mins	999	999	18.125	26.45
15232	35.107861	-80.853491	35.115624	-80.981076	10.2 mi	19 mins	999	999	11.443	19.3166666667
15233	35.218852	-80.852292	35.339280	-80.877396	10.4 mi	14 mins	999	999	10.42	13.7333333333
15234	35.169566	-80.891528	35.124364	-80.712224	13.6 mi	28 mins	999	999	17.896	22.9
15235	35.279321	-80.716833	35.315183	-80.691309	4.6 mi	9 mins	999	999	4.571	9.95
15236	35.171222	-80.865620	35.098218	-80.739774	13.2 mi	26 mins	999	999	13.37	23.5833333333
15237	35.129582	-80.685416	35.314162	-80.961419	22.4 mi	33 mins	999	999	22.993	28.5333333333
15238	35.109443	-80.828199	35.214462	-80.909397	15.7 mi	22 mins	999	999	11.854	18.95
15239	35.416848	-80.841296	35.045760	-80.789225	35.2 mi	39 mins	999	999	35.165	37.8666666667
15240	35.297273	-80.977174	35.128524	-80.826079	22.4 mi	30 mins	999	999	20.726	29.5166666667
15241	35.076719	-80.807201	35.286917	-80.815514	24.7 mi	31 mins	999	999	24.679	31.9833333333
15242	35.106625	-80.749700	35.054751	-80.865031	10.3 mi	18 mins	999	999	10.335	17.15
15243	35.180087	-80.594175	35.506862	-80.852427	33.5 mi	43 mins	999	999	36.146	44.8333333333
15244	35.225832	-80.613870	35.185949	-80.622625	3.1 mi	5 mins	999	999	3.142	5.95
15245	35.184111	-80.855755	35.148277	-80.756280	11.2 mi	21 mins	999	999	11.002	20.25
15246	35.127492	-80.870386	35.370237	-80.810703	21.7 mi	28 mins	999	999	21.389	25.4833333333
15247	35.409167	-80.840997	35.333598	-80.837673	6.5 mi	12 mins	999	999	6.563	10.6
15248	35.113067	-80.913746	35.259693	-80.750074	17.9 mi	26 mins	999	999	18.314	24.8666666667
15249	35.193138	-80.919102	35.067205	-81.019311	13.7 mi	22 mins	999	999	12.644	23.6833333333
15250	35.238053	-80.875284	35.184518	-80.693885	13.0 mi	20 mins	999	999	12.969	19.5333333333
15251	35.158731	-80.801061	35.196773	-80.814353	3.4 mi	9 mins	999	999	4.01	8.68333333333
15252	35.359063	-80.860237	35.248274	-80.856629	10.5 mi	13 mins	999	999	10.562	13.1833333333
15253	35.289446	-80.888354	35.034765	-80.863690	24.1 mi	32 mins	999	999	22.636	30.0333333333
15254	35.476083	-80.866714	35.283479	-80.986453	21.8 mi	25 mins	999	999	21.816	28.1666666667
15255	35.180807	-80.730127	35.327738	-80.869207	16.3 mi	22 mins	999	999	16.295	21.5166666667
15256	35.271865	-80.687468	35.264915	-80.782931	7.6 mi	15 mins	999	999	9.952	19.1333333333
15257	35.316539	-80.990759	35.289148	-80.894023	7.9 mi	14 mins	999	999	8.279	14.3
15258	35.162217	-80.926753	35.131658	-80.716746	18.6 mi	29 mins	999	999	18.656	24.85
15259	35.186102	-80.724138	35.058692	-80.819198	16.4 mi	24 mins	999	999	16.417	20.75
15260	35.400834	-80.864154	35.139151	-80.825478	23.6 mi	30 mins	999	999	22.045	28.8666666667
15261	35.185467	-80.834776	35.198908	-80.775036	6.2 mi	11 mins	999	999	5.752	10.1333333333
15262	35.296825	-80.844772	35.382050	-80.917915	8.2 mi	15 mins	999	999	8.241	14.3833333333
15263	35.257762	-80.837410	35.149622	-80.959065	14.8 mi	18 mins	999	999	12.969	18.5333333333
15264	35.068129	-80.828014	35.089784	-80.810483	2.2 mi	6 mins	999	999	2.21	5.85
15265	35.257676	-80.800763	35.176249	-80.824453	8.3 mi	17 mins	999	999	8.319	13.3333333333
15266	35.331609	-80.814709	35.255862	-80.760186	10.8 mi	17 mins	999	999	10.82	17.3666666667
15267	35.074757	-80.894694	35.091147	-80.736425	13.0 mi	21 mins	999	999	12.972	20.85
15268	35.317298	-80.790516	35.080031	-81.023684	26.1 mi	36 mins	999	999	24.845	39.0666666667
15269	35.217375	-80.676936	35.106254	-80.976156	25.4 mi	36 mins	999	999	23.444	32.4833333333
15270	35.190408	-80.788751	35.068812	-80.774901	10.0 mi	19 mins	999	999	10.553	16.9333333333
15271	35.241368	-80.861392	35.311996	-80.873291	6.3 mi	13 mins	999	999	6.286	12.5666666667
15272	35.231282	-80.826273	35.402143	-80.939061	16.5 mi	23 mins	999	999	16.521	25.5333333333
15273	35.266875	-80.683804	35.453856	-80.854099	21.9 mi	33 mins	999	999	20.68	35.2166666667
15274	35.221137	-80.805408	35.485784	-80.850505	22.0 mi	27 mins	999	999	21.996	26.3166666667
15275	35.171308	-80.745372	35.112583	-80.884859	11.5 mi	22 mins	999	999	12.152	19.7833333333
15276	35.172745	-80.822125	35.152837	-80.808916	2.4 mi	5 mins	999	999	2.361	5.61666666667
15277	35.240417	-80.875095	35.245138	-80.881792	0.6 mi	2 mins	999	999	0.623	1.56666666667
15278	35.041307	-80.830374	35.466290	-80.862891	35.6 mi	41 mins	999	999	35.831	40.7
15279	35.118378	-80.963551	35.229391	-80.635008	31.4 mi	35 mins	999	999	25.301	33.7166666667
15280	35.038860	-80.830464	35.068836	-80.773725	5.1 mi	12 mins	999	999	5.33	10.9
15281	35.256684	-80.928490	35.225928	-80.946751	3.0 mi	7 mins	999	999	3.066	7.9
15282	35.490968	-80.845978	35.199801	-80.656061	31.1 mi	40 mins	999	999	33.757	43.8166666667
15283	35.214462	-80.909397	35.086585	-81.021074	14.0 mi	23 mins	999	999	12.61	21.5833333333
15284	35.309960	-80.720450	35.167137	-80.640565	14.0 mi	19 mins	999	999	14.184	19.3166666667
15285	35.343117	-80.887087	35.024650	-80.830751	29.6 mi	35 mins	999	999	29.594	35.5833333333
15286	35.315935	-80.695590	35.236147	-80.863034	13.2 mi	20 mins	999	999	12.354	18.1666666667
15287	35.048560	-80.812083	35.292695	-80.879937	24.4 mi	31 mins	999	999	24.23	29.4166666667
15288	35.211672	-80.734017	35.321072	-80.966143	17.9 mi	28 mins	999	999	18.204	26.0666666667
15289	35.243482	-80.810929	35.155185	-81.004591	19.2 mi	24 mins	999	999	17.432	27.4666666667
15290	35.144769	-80.919637	35.135289	-80.845814	6.6 mi	14 mins	999	999	8.056	14.5333333333
15291	35.246392	-80.737451	35.114826	-80.851416	13.1 mi	26 mins	999	999	12.589	20.9833333333
15292	35.265730	-80.821858	35.134932	-80.826933	14.1 mi	24 mins	999	999	11.265	21.75
15293	35.234178	-80.896116	35.130715	-80.882175	9.8 mi	15 mins	999	999	9.624	14.85
15294	35.249716	-80.800979	35.216489	-80.807693	3.0 mi	7 mins	999	999	3.006	8.91666666667
15295	35.242217	-80.732756	35.195709	-80.868619	11.4 mi	21 mins	999	999	11.415	17.15
15296	35.162387	-80.812305	35.419188	-80.824657	20.9 mi	30 mins	999	999	20.891	27.6833333333
15297	35.298566	-80.754203	35.307996	-80.734519	2.7 mi	7 mins	999	999	2.397	3.8
15298	35.404598	-80.882317	35.290483	-80.847719	11.8 mi	16 mins	999	999	11.806	16.3166666667
15299	35.268710	-80.682263	35.460594	-80.813175	21.7 mi	30 mins	999	999	24.593	34.6166666667
15300	35.038010	-80.852245	35.390961	-80.757569	33.3 mi	41 mins	999	999	33.305	43.1
15301	35.235959	-80.733967	35.119852	-80.841717	11.5 mi	26 mins	999	999	11.504	20.2166666667
15302	35.253185	-80.713702	35.039342	-80.858655	29.8 mi	33 mins	999	999	24.668	33.7833333333
15303	35.242717	-80.875201	35.106050	-80.776042	12.9 mi	24 mins	999	999	11.899	21.1833333333
15304	35.163586	-80.800155	35.305878	-80.781084	12.5 mi	26 mins	999	999	12.607	20.6333333333
15305	35.119265	-80.669315	35.425843	-80.877069	28.8 mi	39 mins	999	999	29.141	37.85
15306	35.310253	-80.826136	35.361306	-80.860204	6.1 mi	11 mins	999	999	6.076	10.1
15307	35.193378	-80.725837	35.121047	-80.779457	9.3 mi	18 mins	999	999	8.099	14.2
15308	35.278019	-80.862996	35.272038	-80.964937	10.2 mi	12 mins	999	999	10.232	13.6333333333
15309	35.099355	-80.797477	35.507259	-80.801136	41.1 mi	52 mins	999	999	36.333	52.4833333333
15310	35.330544	-80.793094	35.073883	-80.994382	29.4 mi	34 mins	999	999	29.467	36.0
15311	35.256091	-80.736770	35.508664	-80.850741	23.5 mi	31 mins	999	999	23.534	30.6333333333
15312	35.287167	-80.781470	35.222917	-80.835920	7.1 mi	15 mins	999	999	7.034	12.9
15313	35.312185	-80.879630	35.180587	-80.817809	13.8 mi	19 mins	999	999	12.361	17.4833333333
15314	35.407484	-80.843849	35.292221	-80.731370	12.9 mi	22 mins	999	999	12.879	19.5
15315	35.272659	-80.807741	35.334150	-80.898830	10.0 mi	15 mins	999	999	9.895	17.6
15316	35.191680	-80.744599	35.329771	-80.774981	13.6 mi	26 mins	999	999	13.265	23.85
15317	35.219106	-80.741195	35.222915	-80.851644	8.9 mi	15 mins	999	999	8.877	13.9166666667
15318	35.236291	-80.897434	35.173650	-80.845947	6.1 mi	15 mins	999	999	8.274	12.5
15319	35.092546	-80.846380	35.283479	-80.986453	18.9 mi	22 mins	999	999	18.94	23.8166666667
15320	35.194950	-80.877931	35.388982	-80.914631	17.2 mi	22 mins	999	999	17.196	23.1
15321	35.241555	-80.876926	35.231170	-80.839799	3.0 mi	7 mins	999	999	2.84	5.78333333333
15322	35.060331	-80.878519	35.311998	-80.885763	22.8 mi	29 mins	999	999	22.627	27.2833333333
15323	35.242981	-80.833280	35.374711	-80.926054	14.1 mi	20 mins	999	999	14.049	22.0
15324	35.239332	-80.765759	35.073608	-80.887987	22.3 mi	31 mins	999	999	18.076	28.25
15325	35.168329	-80.718580	35.215593	-80.839429	9.7 mi	17 mins	999	999	9.737	15.45
15326	35.183561	-80.710414	35.090358	-80.814347	11.4 mi	23 mins	999	999	13.361	22.3333333333
15327	35.299185	-80.695896	35.268550	-80.677385	5.4 mi	12 mins	999	999	5.824	15.1
15328	35.431916	-80.858446	35.208923	-80.927468	19.2 mi	24 mins	999	999	19.274	24.2333333333
15329	35.416653	-80.835325	35.263993	-80.870081	13.5 mi	18 mins	999	999	13.544	19.1833333333
15330	35.189159	-80.882472	35.360472	-80.778629	18.1 mi	23 mins	999	999	17.992	23.5
15331	35.139689	-80.953683	35.126412	-80.830034	9.9 mi	20 mins	999	999	11.411	19.9166666667
15332	35.228153	-80.775307	35.480171	-80.819311	26.9 mi	30 mins	999	999	24.953	29.7833333333
15333	35.291012	-80.955460	35.076719	-80.807201	23.9 mi	28 mins	999	999	23.993	28.4833333333
15334	35.431166	-80.896294	35.308017	-80.716008	24.0 mi	29 mins	999	999	20.161	28.4166666667
15335	35.405786	-80.906274	35.064829	-80.886050	30.0 mi	36 mins	999	999	29.756	35.1333333333
15336	35.108178	-80.768243	35.225515	-80.629793	15.6 mi	20 mins	999	999	14.433	23.2333333333
15337	35.394023	-80.873967	35.187481	-80.674785	26.1 mi	35 mins	999	999	25.791	33.1333333333
15338	35.270309	-80.877627	35.316609	-80.786569	7.3 mi	15 mins	999	999	8.858	14.9166666667
15339	35.225908	-80.798007	35.127795	-80.986539	19.1 mi	28 mins	999	999	16.939	28.1
15340	35.077089	-80.763641	35.229056	-80.774736	12.7 mi	22 mins	999	999	12.662	17.7666666667
15341	35.217456	-80.774428	35.136504	-80.857801	8.6 mi	20 mins	999	999	9.065	15.0833333333
15342	35.282522	-80.685737	35.302308	-80.903923	17.7 mi	25 mins	999	999	18.499	25.3833333333
15343	35.259325	-80.865727	35.056785	-80.774370	22.4 mi	28 mins	999	999	22.211	27.0166666667
15344	35.204424	-80.831776	35.257407	-80.748299	6.7 mi	15 mins	999	999	6.734	16.05
15345	35.249120	-80.785458	35.318254	-80.967724	14.7 mi	22 mins	999	999	15.167	20.5833333333
15346	35.248275	-80.757767	35.339098	-80.856733	13.2 mi	22 mins	999	999	13.804	19.3666666667
15347	35.193890	-80.933320	35.150221	-80.934907	6.4 mi	9 mins	999	999	5.218	8.78333333333
15348	35.189916	-80.724330	35.068563	-80.743996	10.8 mi	22 mins	999	999	10.858	20.9666666667
15349	35.229559	-80.800814	35.147640	-80.998830	19.5 mi	25 mins	999	999	17.165	27.75
15350	35.270880	-80.939003	35.189463	-80.716850	16.7 mi	25 mins	999	999	18.235	24.2333333333
15351	35.175202	-80.707098	35.298114	-80.676937	11.9 mi	20 mins	999	999	12.611	23.1166666667
15352	35.295155	-80.827007	35.320373	-80.833044	2.7 mi	6 mins	999	999	2.719	6.33333333333
15353	35.435489	-80.882646	35.340678	-80.945266	15.7 mi	19 mins	999	999	15.692	22.0333333333
15354	35.359736	-80.862453	35.289563	-80.686414	15.1 mi	24 mins	999	999	15.13	25.9666666667
15355	35.473916	-80.863497	35.216415	-80.832510	20.5 mi	26 mins	999	999	22.232	26.0833333333
15356	35.386651	-80.880512	35.118432	-80.762365	23.6 mi	36 mins	999	999	26.314	36.4333333333
15357	35.267064	-80.741124	35.027642	-80.819704	29.6 mi	34 mins	999	999	25.023	34.5166666667
15358	35.435244	-80.879846	35.297416	-80.880290	14.0 mi	19 mins	999	999	14.041	20.5
15359	35.043071	-80.804400	35.236749	-80.848589	19.2 mi	24 mins	999	999	19.157	22.4833333333
15360	35.444351	-80.885968	35.489322	-80.868134	4.6 mi	10 mins	999	999	4.85	8.11666666667
15361	35.124038	-80.755444	35.377983	-80.757420	29.1 mi	35 mins	999	999	24.759	37.7166666667
15362	35.399726	-80.876327	35.393744	-80.885398	0.8 mi	3 mins	999	999	0.84	3.08333333333
15363	35.383753	-80.878994	35.159269	-80.995302	21.0 mi	23 mins	999	999	21.927	29.4333333333
15364	35.335688	-80.809353	35.220939	-80.660522	18.7 mi	23 mins	999	999	17.951	24.4666666667
15365	35.155900	-80.640117	35.023560	-80.851157	19.3 mi	22 mins	999	999	19.036	20.7166666667
15366	35.122997	-80.965191	35.055008	-80.832006	12.8 mi	20 mins	999	999	12.761	17.5666666667
15367	35.255228	-80.850471	35.125238	-80.841719	13.0 mi	24 mins	999	999	11.896	20.1333333333
15368	35.346654	-80.821983	35.066373	-81.039672	31.7 mi	42 mins	999	999	32.865	46.7
15369	35.217061	-80.772210	35.326224	-80.750021	10.3 mi	19 mins	999	999	10.695	17.0833333333
15370	35.337106	-80.852520	35.376889	-80.745161	10.1 mi	18 mins	999	999	10.633	22.0666666667
15371	35.182673	-80.636255	35.142814	-80.773230	11.5 mi	20 mins	999	999	11.424	17.45
15372	35.267429	-80.768423	35.372796	-80.740249	9.4 mi	16 mins	999	999	10.078	14.6833333333
15373	35.421428	-80.856943	35.095643	-80.853023	28.5 mi	35 mins	999	999	28.53	34.1
15374	35.446705	-80.873463	35.206506	-80.694227	25.6 mi	30 mins	999	999	25.652	29.1166666667
15375	35.219909	-80.788097	35.455608	-80.781066	24.1 mi	32 mins	999	999	24.121	33.2666666667
15376	35.294739	-80.937352	35.307820	-80.868296	5.6 mi	10 mins	999	999	6.616	13.6833333333
15377	35.069273	-80.880601	35.225107	-80.978958	14.5 mi	19 mins	999	999	14.397	20.3833333333
15378	35.216588	-80.868918	35.291986	-80.953030	10.1 mi	15 mins	999	999	8.971	15.6666666667
15379	35.315163	-80.794038	35.398376	-80.916012	13.2 mi	21 mins	999	999	13.249	21.9833333333
15380	35.251133	-80.758083	35.330027	-80.738736	7.8 mi	13 mins	999	999	9.24	12.25
15381	35.331619	-80.868794	35.369638	-80.781386	9.9 mi	17 mins	999	999	9.554	19.8166666667
15382	35.184951	-80.685444	35.336728	-80.882104	19.6 mi	29 mins	999	999	19.657	26.3
15383	35.250357	-80.955758	35.089907	-80.707955	26.3 mi	32 mins	999	999	26.064	32.8166666667
15384	35.315389	-80.935487	35.231605	-80.836840	8.5 mi	14 mins	999	999	8.773	12.75
15385	35.125450	-80.830243	35.152933	-80.877857	4.2 mi	9 mins	999	999	5.835	9.31666666667
15386	35.136602	-80.673021	35.028050	-80.807117	13.1 mi	16 mins	999	999	14.658	17.25
15387	35.235828	-80.775160	35.232114	-80.792647	1.6 mi	4 mins	999	999	1.483	4.73333333333
15388	35.258471	-80.820101	35.233447	-80.851736	2.9 mi	6 mins	999	999	2.913	5.58333333333
15389	35.345174	-80.768034	35.232954	-80.834975	13.1 mi	16 mins	999	999	11.045	16.1
15390	35.260939	-80.762554	35.390961	-80.757569	12.9 mi	21 mins	999	999	12.403	20.9
15391	35.131624	-80.751655	35.096642	-80.726970	3.9 mi	9 mins	999	999	3.894	9.55
15392	35.036089	-80.773628	35.148288	-80.933694	15.2 mi	19 mins	999	999	15.254	18.4833333333
15393	35.051599	-80.883372	35.165463	-80.764647	13.0 mi	26 mins	999	999	15.843	26.6166666667
15394	35.143618	-80.844298	35.057047	-80.801553	9.8 mi	19 mins	999	999	10.199	18.4833333333
15395	35.331139	-80.778898	35.205349	-80.883669	13.7 mi	21 mins	999	999	15.686	21.8
15396	35.196164	-80.790376	35.035698	-80.783580	13.7 mi	26 mins	999	999	13.702	21.6666666667
15397	35.144119	-80.845502	35.454635	-80.845970	26.5 mi	33 mins	999	999	26.564	29.65
15398	35.340276	-80.779551	35.179030	-80.644002	18.4 mi	21 mins	999	999	18.641	23.6166666667
15399	35.357000	-80.772382	35.113115	-80.864004	25.0 mi	34 mins	999	999	24.947	34.7333333333
15400	35.128777	-80.786609	35.331301	-80.738055	19.8 mi	29 mins	999	999	17.812	24.85
15401	35.266236	-80.967628	35.256908	-80.932876	5.2 mi	12 mins	999	999	5.968	12.0833333333
15402	35.066044	-80.785486	35.346998	-80.724741	28.0 mi	29 mins	999	999	28.046	31.3666666667
15403	35.479533	-80.865627	35.408982	-80.869482	7.1 mi	11 mins	999	999	7.231	10.5333333333
15404	35.457003	-80.889825	35.414104	-80.929009	4.4 mi	8 mins	999	999	4.382	8.03333333333
15405	35.190252	-80.613442	35.419642	-80.880207	32.1 mi	39 mins	999	999	29.891	41.0833333333
15406	35.180561	-80.642234	35.341178	-80.880257	26.2 mi	33 mins	999	999	22.438	30.1
15407	35.257096	-80.836131	35.325099	-80.950783	10.1 mi	14 mins	999	999	10.126	13.7833333333
15408	35.107606	-80.736129	35.156110	-80.727766	5.6 mi	14 mins	999	999	6.389	13.0833333333
15409	35.463443	-80.890096	35.144441	-80.980207	28.3 mi	31 mins	999	999	28.372	32.1166666667
15410	35.077398	-80.899215	35.353282	-80.819865	22.9 mi	31 mins	999	999	23.475	28.7666666667
15411	35.287437	-80.977844	35.039617	-80.862591	21.9 mi	27 mins	999	999	21.972	26.5666666667
15412	35.488790	-80.884184	35.176885	-80.778263	25.8 mi	31 mins	999	999	25.973	30.3166666667
15413	35.407439	-80.926365	35.426655	-80.847925	5.9 mi	10 mins	999	999	6.602	11.95
15414	35.070163	-80.798362	35.306355	-80.858350	25.3 mi	30 mins	999	999	25.38	28.85
15415	35.282591	-80.797621	35.165606	-80.720767	12.4 mi	23 mins	999	999	12.445	20.5
15416	35.263821	-80.971632	35.028247	-80.815136	23.9 mi	30 mins	999	999	23.5	29.85
15417	35.288327	-80.899669	35.027679	-80.830612	23.6 mi	30 mins	999	999	23.497	28.2666666667
15418	35.189221	-80.830355	35.315200	-80.855433	11.7 mi	18 mins	999	999	11.592	17.55
15419	35.282454	-80.734411	35.088115	-80.865531	24.0 mi	29 mins	999	999	24.44	28.6
15420	35.266785	-80.744613	35.374621	-80.779686	12.0 mi	18 mins	999	999	11.159	21.1166666667
15421	35.261810	-80.941526	35.386511	-80.748294	21.6 mi	26 mins	999	999	21.583	27.0833333333
15422	35.077387	-81.045416	35.185920	-80.620551	34.7 mi	41 mins	999	999	35.454	43.8833333333
15423	35.213324	-80.891398	35.492797	-80.862121	22.1 mi	27 mins	999	999	22.677	24.6833333333
15424	35.186034	-80.791777	35.309388	-80.974804	16.2 mi	24 mins	999	999	16.87	22.25
15425	35.054768	-80.806587	35.427251	-80.931856	37.2 mi	42 mins	999	999	37.216	40.7833333333
15426	35.172606	-80.762433	35.060521	-80.798591	12.5 mi	23 mins	999	999	12.528	21.65
15427	35.241213	-80.746754	35.043393	-80.815010	21.5 mi	32 mins	999	999	21.748	29.15
15428	35.343204	-80.788331	35.202629	-80.693556	17.1 mi	24 mins	999	999	15.858	27.3166666667
15429	35.106254	-80.976156	35.301934	-80.820449	21.7 mi	28 mins	999	999	20.069	27.0333333333
15430	35.212168	-80.829019	35.349304	-80.804183	12.5 mi	19 mins	999	999	12.409	16.5
15431	35.208125	-80.726047	35.383090	-80.789256	15.7 mi	24 mins	999	999	17.447	27.2333333333
15432	35.152669	-80.819380	35.488625	-80.864743	25.6 mi	34 mins	999	999	25.618	30.45
15433	35.404890	-80.910048	35.399489	-80.920460	1.0 mi	2 mins	999	999	0.992	2.56666666667
15434	35.491191	-80.875974	35.261168	-80.739072	24.6 mi	30 mins	999	999	22.006	31.2666666667
15435	35.407223	-80.815428	35.343361	-80.881368	17.3 mi	21 mins	999	999	16.905	22.15
15436	35.350906	-80.789507	35.430072	-80.897985	13.1 mi	19 mins	999	999	13.524	21.7166666667
15437	35.437626	-80.852621	35.287096	-80.847075	14.2 mi	19 mins	999	999	13.524	19.45
15438	35.277264	-80.863464	35.260939	-80.762554	8.2 mi	12 mins	999	999	8.012	12.3333333333
15439	35.078304	-80.779839	35.198023	-80.720589	11.7 mi	22 mins	999	999	13.341	20.85
15440	35.191160	-80.841062	35.142282	-80.742137	11.1 mi	20 mins	999	999	11.039	18.8833333333
15441	35.351254	-80.879663	35.026465	-80.839845	30.8 mi	33 mins	999	999	30.807	33.2333333333
15442	35.147990	-80.804833	35.314448	-80.960683	17.4 mi	29 mins	999	999	17.669	23.0333333333
15443	35.428328	-80.875756	35.131436	-80.795129	24.5 mi	35 mins	999	999	26.141	34.9333333333
15444	35.344282	-80.792683	35.169364	-80.976159	23.6 mi	26 mins	999	999	23.179	27.9833333333
15445	35.164547	-80.691543	35.114067	-80.982833	28.6 mi	35 mins	999	999	27.085	35.5666666667
15446	35.236147	-80.863034	35.279176	-80.746508	10.5 mi	16 mins	999	999	8.856	17.5333333333
15447	35.332781	-80.939301	35.197299	-80.766440	15.8 mi	22 mins	999	999	15.811	21.0333333333
15448	35.483636	-80.866581	35.267972	-80.787861	19.8 mi	21 mins	999	999	19.828	21.8
15449	35.098786	-80.975727	35.312465	-80.862403	21.3 mi	26 mins	999	999	21.286	25.3666666667
15450	35.234225	-80.808936	35.207148	-80.895954	7.0 mi	12 mins	999	999	7.893	11.5666666667
15451	35.445518	-80.884057	35.388371	-80.772982	12.6 mi	18 mins	999	999	12.613	20.5333333333
15452	35.249528	-80.840854	35.294559	-80.684711	14.1 mi	23 mins	999	999	14.285	22.2333333333
15453	35.231837	-80.803215	35.291826	-80.847595	6.6 mi	15 mins	999	999	7.467	14.5666666667
15454	35.146371	-80.922607	35.277683	-80.871768	13.2 mi	17 mins	999	999	12.551	16.95
15455	35.190808	-80.771602	35.020653	-80.828452	18.6 mi	28 mins	999	999	15.934	26.1333333333
