ODIndex	originLat	originLng	destinationLat	destinationLng	ArcGISMile	ArcGISMin
85001	35.469410	-80.854543	35.034677	-80.848159	35.1605592738	40.7953972195
85002	35.143644	-80.977105	35.343727	-80.703193	27.5859501359	29.7420543187
85003	35.414889	-80.906763	35.070142	-81.023758	32.4847986933	38.4574496501
85004	35.297655	-80.723964	35.096989	-81.032240	29.7489197282	36.4904250587
85005	35.095259	-80.837522	35.481451	-80.815722	35.1046937942	42.7408725035
85006	35.097090	-80.752376	35.449215	-80.891903	32.2108253064	45.7322619327
85007	35.472852	-80.866625	35.021159	-80.837923	36.3187974624	43.9067709741
85008	35.471885	-80.918498	35.116673	-80.786264	33.5734799936	43.9475386013
85009	35.445774	-80.866250	35.055051	-80.875137	30.6933793906	34.7136671158
85010	35.068626	-81.006616	35.323611	-80.707973	29.6289411068	37.0530239545
85011	35.433177	-80.860766	35.082300	-81.052519	32.9577878442	39.1607563731
85012	35.133003	-80.811421	35.486774	-80.824243	31.8500717465	41.7273270207
85013	35.175899	-80.714543	35.496990	-80.831939	30.6845599241	38.3112018585
85014	35.484892	-80.893242	35.051634	-80.810667	36.9383652866	40.8525050738
85015	35.094852	-80.783397	35.508993	-80.841446	38.6357045106	45.9047083479
85016	35.417591	-80.851664	35.426999	-80.847896	1.09424119415	4.28978274182
85017	35.073113	-80.732867	35.328079	-80.971119	31.4957365925	36.9606355339
85018	35.217884	-80.819990	35.209765	-80.812722	0.958387553174	2.58827045518
85019	35.391121	-80.875590	35.050944	-80.795724	34.6496719036	37.8363651651
85020	35.017783	-80.823639	35.405048	-80.836679	33.14701676	40.6599321756
85021	35.083927	-80.745349	35.420822	-80.837907	29.4555722232	42.3883995446
85022	35.141499	-81.007598	35.481500	-80.852210	31.3799863478	35.0905668074
85023	35.434715	-80.859334	35.079011	-80.833768	30.6399933207	37.4275278425
85024	35.414668	-80.834602	35.067632	-80.727748	29.8626139236	41.9584559777
85025	35.493664	-80.875090	35.190493	-80.720966	27.6135302732	33.511653306
85026	35.093447	-80.992613	35.410996	-80.761702	31.6997256757	40.8786549266
85027	35.145539	-80.654260	35.137200	-81.007427	29.2690667921	32.1955752541
85028	35.068626	-81.006616	35.446270	-80.900299	33.3505118521	38.5388030901
85029	35.103549	-80.720961	35.438226	-80.820433	35.6674627377	40.448471368
85030	35.388958	-80.913270	35.183723	-80.597748	35.7813707261	40.6332635963
85031	35.092006	-80.988342	35.330773	-80.736751	27.823693721	32.0839379968
85032	35.384480	-80.781126	35.080800	-80.990492	28.8410651828	34.224075302
85033	35.183191	-80.624000	35.406752	-80.894637	36.2917195693	37.9520829381
85034	35.465729	-80.804755	35.084916	-80.838952	35.8326950176	43.0912016866
85035	35.054310	-80.869540	35.372774	-80.735289	30.4018214377	36.5946745277
85036	35.435901	-80.897181	35.066805	-80.725846	32.87130255	45.8889218881
85037	35.127286	-81.026062	35.246987	-80.685485	31.1863138973	40.4331072696
85038	35.331506	-80.806161	35.350150	-80.816939	3.43804694166	6.64518143215
85039	35.042401	-80.845174	35.396596	-80.851782	30.7516271294	35.152679555
85040	35.326673	-80.707341	35.085802	-80.995580	32.8257066562	37.6452180343
85041	35.058830	-80.793984	35.050094	-80.800328	1.83263621464	5.33563228197
85042	35.493118	-80.860503	35.165760	-80.676130	31.1782192552	41.0433598816
85043	35.088719	-81.001715	35.465129	-80.854133	33.0093534545	40.6862763566
85044	35.419658	-80.848473	35.020584	-80.827334	33.2383798282	40.3628451548
85045	35.117603	-80.706296	35.447405	-80.884635	28.1666086925	35.8476986021
85046	35.430229	-80.848534	35.089535	-80.912597	26.8742988843	32.3732757116
85047	35.356234	-80.774379	35.370942	-80.759532	3.46169092815	7.23517754656
85048	35.165377	-80.758004	35.503280	-80.844521	28.4815807922	35.2145216867
85049	35.338423	-80.774454	35.342574	-80.791404	4.1948102827	8.52456871841
85050	35.103959	-81.001343	35.109213	-80.996214	2.00895734302	6.86364590584
85051	35.051441	-80.840105	35.037621	-80.839314	2.29184031647	4.63252760132
85052	35.455082	-80.825695	35.114352	-80.662430	33.2557369656	36.5189870701
85053	35.137574	-80.701176	35.415388	-80.928590	27.1949030993	39.3721542676
85054	35.190523	-80.860164	35.169532	-80.862327	2.73312665298	7.23674933777
85055	35.163463	-80.995226	35.157468	-80.644354	28.8386230048	31.4760422164
85056	35.066044	-80.785486	35.469351	-80.866915	36.3119912884	41.7029716407
85057	35.339114	-80.832734	35.065119	-81.040762	28.8805199674	35.721180892
85058	35.036489	-80.861576	35.470332	-80.878118	36.9889781639	45.3243279157
85059	35.159630	-80.985203	35.343859	-80.697949	27.2128610079	29.3494291802
85060	35.461316	-80.888657	35.092698	-80.802116	35.0142972096	42.0242876007
85061	35.136344	-80.683538	35.415569	-80.923274	28.161210573	39.8467851643
85062	35.050195	-80.837627	35.042015	-80.848445	1.97870754243	5.93778068387
85063	35.435244	-80.879846	35.091561	-80.807195	34.0806434086	41.4685878037
85064	35.372221	-80.805418	35.019149	-80.833980	31.284836107	35.7300369532
85065	35.473666	-80.885476	35.132727	-80.862646	29.0470381012	36.9271709265
85066	35.046358	-80.807467	35.498790	-80.861375	37.928841573	40.142527805
85067	35.228270	-80.632775	35.096058	-80.971300	32.2622706677	34.5863493812
85068	35.072127	-81.014080	35.503757	-80.854757	38.0192292398	43.6101011036
85069	35.093152	-80.776467	35.086177	-80.770542	0.785645803827	1.81902187634
85070	35.445774	-80.866250	35.068062	-80.839132	31.4606074747	34.0159717141
85071	35.197650	-80.592386	35.459738	-80.849045	36.9895723554	43.1943536895
85072	35.055904	-80.832224	35.469544	-80.853100	35.4963252041	40.813974072
85073	35.167040	-80.607451	35.167205	-80.979180	30.6868179165	32.2126171605
85074	35.087927	-80.823456	35.441854	-80.902203	32.5655854329	38.9446024588
85075	35.115089	-80.726859	35.419026	-80.926833	27.5391846571	42.2667609348
85076	35.421428	-80.856943	35.111459	-80.995475	28.6370829672	32.8022985293
85077	35.069202	-81.021145	35.380428	-80.751135	33.3953649529	40.6627553436
85078	35.184970	-80.651673	35.475165	-80.828382	28.7381706249	34.0406888843
85079	35.023609	-80.817885	35.495754	-80.832849	41.3606720939	50.6030065954
85080	35.110962	-80.742777	35.450756	-80.819476	30.9571822489	39.852729969
85081	35.044764	-80.862048	35.373240	-80.757813	38.3749806972	42.1537439408
85082	35.451096	-80.873721	35.121533	-80.970364	30.0735557475	33.0469178755
85083	35.384090	-80.909207	35.068217	-80.745823	36.6350582907	43.5627285221
85084	35.184734	-80.853736	35.184733	-80.861038	1.13525417017	4.52670166555
85085	35.324136	-80.784552	35.064756	-81.047753	31.7074754584	39.3516937017
85086	35.102316	-80.725778	35.469309	-80.834139	32.042845649	42.160017403
85087	35.155592	-80.988812	35.146939	-80.988257	0.790586939308	1.59551493259
85088	35.055859	-80.742660	35.412634	-80.904592	37.493211375	42.9007690779
85089	35.459793	-80.878939	35.466113	-80.886660	1.12626233603	3.16130197489
85090	35.171471	-80.857806	35.184762	-80.852757	1.31615157553	2.80986641661
85091	35.176687	-80.602009	35.495469	-80.832073	32.1283353298	41.9666216894
85092	35.157678	-80.998131	35.161192	-80.979136	1.42276075122	3.45822306748
85093	35.426732	-80.874867	35.079144	-81.025046	31.6623024362	38.2396613869
85094	35.089334	-80.725318	35.497237	-80.852830	34.5490400483	44.6745013672
85095	35.056712	-80.854232	35.388465	-80.768679	31.0879591488	36.1808563269
85096	35.133282	-80.742675	35.494312	-80.833043	32.3246365652	42.3953451402
85097	35.486797	-80.907347	35.163470	-80.727125	28.8517127867	35.6424152664
85098	35.087773	-80.844124	35.470513	-80.854814	31.6506713517	37.4870075292
85099	35.431268	-80.815492	35.089204	-80.853469	31.485287711	38.2999992605
85100	35.475863	-80.857694	35.121494	-80.845359	28.8008614917	38.6982742039
85101	35.398091	-80.885474	35.095255	-80.716093	29.0902669015	40.4653802191
85102	35.462775	-80.888695	35.105153	-80.807931	31.1905465382	40.7629575863
85103	35.118801	-80.668706	35.419157	-80.901922	30.5663319779	42.3826417859
85104	35.121324	-80.857101	35.125586	-80.836962	1.59901136402	4.55495172736
85105	35.492881	-80.899449	35.137519	-80.849052	29.5077983002	38.1294744877
85106	35.053174	-81.042436	35.456078	-80.889092	36.5751479626	44.4871736287
85107	35.168421	-80.759581	35.501290	-80.854202	27.7480885213	32.5031201751
85108	35.178503	-80.807880	35.170797	-80.817526	0.875978132385	3.32433712473
85109	35.495842	-80.911807	35.087277	-81.006576	35.1005031666	41.8863941288
85110	35.154338	-80.665451	35.103741	-81.001875	27.671420102	35.1526678077
85111	35.081383	-80.821957	35.450616	-80.887581	32.4010740584	37.5338723966
85112	35.168703	-80.608340	35.245638	-81.004332	36.1471775472	36.2527582941
85113	35.105822	-80.979186	35.112657	-80.981139	0.954129720287	2.98592572481
85114	35.303580	-80.702483	35.093038	-81.044015	32.03098048	40.5568273444
85115	35.373568	-80.750765	35.088719	-81.001715	32.1325222468	42.0396753295
85116	35.249407	-80.853683	35.247807	-80.840295	1.04725513437	2.62957878719
85117	35.328951	-80.941882	35.200880	-80.594030	34.2382535306	37.9643956597
85118	35.478442	-80.858337	35.045462	-80.843457	35.7355382355	41.5032073093
85119	35.078417	-80.826770	35.442336	-80.896798	31.8825290219	37.6665639186
85120	35.486516	-80.870916	35.093591	-80.736746	32.3157939045	41.7188200585
85121	35.495842	-80.911807	35.149820	-80.969485	30.0707688252	34.2777172938
85122	35.200803	-80.597791	35.123128	-80.990848	37.197510893	43.2268054863
85123	35.099515	-80.989005	35.385954	-80.795288	27.7422087335	31.9874513623
85124	35.440780	-80.844524	35.120787	-80.960158	28.8392337269	32.3297891556
85125	35.410484	-80.863791	35.067384	-81.003141	29.1510602917	33.6767579372
85126	35.117528	-80.746908	35.452471	-80.851231	31.0300030692	41.64764135
85127	35.119552	-80.683088	35.507253	-80.852958	33.1329971394	42.1202122487
85128	35.092479	-80.849539	35.429797	-80.827870	30.2248935586	38.3120219527
85129	35.167040	-80.607451	35.154219	-80.979898	30.8317006706	33.0309756813
85130	35.104853	-80.860306	35.452205	-80.892232	30.9267166675	35.9921710141
85131	35.346887	-80.782352	35.099824	-81.033877	32.7384450766	39.096919042
85132	35.233121	-80.715903	35.058774	-81.039285	30.9838749174	41.7531455957
85133	35.248495	-80.737249	35.251634	-80.718417	2.01542958879	3.3108686292
85134	35.157196	-80.683370	35.146729	-80.685976	1.17180207173	2.60854302981
85135	35.264162	-80.988462	35.200169	-80.652866	23.9410167529	32.4885742785
85136	35.502036	-80.861234	35.070734	-81.033920	36.7999516188	40.9207778504
85137	35.418243	-80.881124	35.090357	-80.705487	31.2520257644	43.7311418174
85138	35.413537	-80.832158	35.048352	-80.797041	34.1646233056	40.8170569878
85139	35.479005	-80.813293	35.115672	-80.693131	36.9677951862	44.049531289
85140	35.476350	-80.909482	35.106549	-80.764699	33.2009898009	43.1432780661
85141	35.485630	-80.863680	35.125227	-80.893170	26.8665050588	30.7091393426
85142	35.147840	-80.886822	35.491651	-80.898203	27.7472289211	34.9273492559
85143	35.189307	-80.663739	35.103820	-80.992853	30.8992875576	37.4149255821
85144	35.476601	-80.856713	35.106425	-80.787363	34.0965306781	46.6459612872
85145	35.083774	-80.775890	35.431659	-80.879548	36.3904736063	42.6182332284
85146	35.049215	-80.832160	35.501702	-80.854685	37.3265295559	41.918098359
85147	35.144409	-80.745855	35.493984	-80.853135	28.909773447	37.1935744684
85148	35.498095	-80.887345	35.113129	-80.860585	30.1700483247	37.7699481591
85149	35.418498	-80.866625	35.082479	-81.031303	32.6349577142	38.9582489054
85150	35.457726	-80.899961	35.097367	-80.857212	33.3495478093	40.9238129887
85151	35.115620	-80.746539	35.491954	-80.850577	34.0028211582	44.5794113667
85152	35.201102	-80.579303	35.099608	-81.001061	33.5655966997	38.4457479046
85153	35.143773	-80.828281	35.481597	-80.851411	29.0154878249	36.9369632336
85154	35.053495	-80.876439	35.425607	-80.798954	31.934158466	38.3830739337
85155	35.237809	-80.746511	35.242411	-80.744589	0.565074470312	1.41505695733
85156	35.434619	-80.824944	35.086341	-80.706966	37.1766225515	44.2120370028
85157	35.135286	-80.662128	35.375820	-80.921516	27.0086477964	39.5410776078
85158	35.375334	-80.765136	35.374885	-80.746898	3.2479210761	8.49435991305
85159	35.168685	-80.795406	35.160720	-80.776758	1.49479616425	3.0881864827
85160	35.142482	-80.654136	35.428609	-80.855607	29.7316821689	39.6692199377
85161	35.090692	-80.708617	35.479257	-80.814605	38.2729991638	45.1595286817
85162	35.119910	-80.667018	35.462587	-80.835352	39.0752104217	44.7749592672
85163	35.164517	-80.614189	35.216466	-80.971979	33.7728607389	35.1650183794
85164	35.429652	-80.911772	35.137593	-80.662509	31.8218706695	40.4279667479
85165	35.078314	-80.720175	35.425180	-80.799359	35.3646937015	40.9714661615
85166	35.433591	-80.813318	35.149444	-80.996657	28.0522553026	33.1160462974
85167	35.174290	-80.663134	35.143130	-81.028444	31.2616896972	38.6786533581
85168	35.371148	-80.740681	35.039749	-80.853104	32.7740368307	38.301687543
85169	35.132089	-80.696613	35.502358	-80.861236	32.5070332428	39.3380212466
85170	35.382597	-80.906020	35.019533	-80.857430	32.5258295244	38.1812928926
85171	35.084216	-80.808953	35.448194	-80.885606	34.5127514893	39.5343508403
85172	35.068155	-80.790381	35.410575	-80.833928	32.7229585441	38.1591703253
85173	35.478768	-80.908917	35.069921	-80.880741	34.0543860008	39.8230261969
85174	35.189040	-80.640011	35.477977	-80.815038	27.4808697563	33.0050257998
85175	35.421187	-80.881440	35.048288	-81.033987	33.411242725	41.7419839773
85176	35.466563	-80.923932	35.022286	-80.837758	39.6148839471	46.5394937511
85177	35.324470	-80.959715	35.091287	-80.695993	33.3421028467	34.0457284227
85178	35.153864	-80.973000	35.163464	-80.625166	26.4294175533	28.7797332961
85179	35.220579	-80.863584	35.209982	-80.871235	1.12950138242	4.06072629216
85180	35.472835	-80.936081	35.035307	-80.865712	40.0447401048	48.2983082198
85181	35.047035	-80.821431	35.391693	-80.876831	33.5438585362	35.1595214756
85182	35.400542	-80.889375	35.071170	-81.003207	28.0672427314	35.4692571014
85183	35.416654	-80.831300	35.418329	-80.840343	0.624657295461	1.71515337079
85184	35.054878	-80.882895	35.480395	-80.856458	34.5153797044	40.6667297759
85185	35.076735	-80.734496	35.084066	-80.724195	1.02900691636	3.03579106871
85186	35.477179	-80.897324	35.053311	-81.040124	37.592406124	44.552479627
85187	35.226314	-80.803240	35.213992	-80.800310	1.03504105141	3.60344084875
85188	35.478590	-80.904682	35.109343	-80.821276	32.9702962251	43.2074524663
85189	35.178627	-80.670755	35.145305	-81.028524	33.9660324624	39.1839095449
85190	35.208973	-80.858662	35.211855	-80.863388	0.401399444367	1.60275872867
85191	35.185026	-80.802686	35.171911	-80.788033	2.06502355862	6.11317571261
85192	35.475863	-80.857694	35.089837	-80.914176	30.0877247273	36.0249057201
85193	35.378431	-80.754024	35.058508	-80.879875	31.6045411434	38.5692656075
85194	35.459484	-80.882197	35.153684	-80.718359	28.302382693	36.4657398336
85195	35.247689	-80.752499	35.226631	-80.747266	2.23154749239	4.23168463823
85196	35.217486	-80.854782	35.232413	-80.870960	2.23742676589	4.58333142127
85197	35.207717	-80.824257	35.207248	-80.830396	0.450972641656	1.48321275506
85198	35.072127	-81.014080	35.468860	-80.786013	39.4255199111	49.3207349387
85199	35.076692	-80.991891	35.407651	-80.810259	31.6531705421	36.9983541849
85200	35.118346	-80.961712	35.464660	-80.801028	34.9789622892	40.9286347502
85201	35.433378	-80.857235	35.085822	-80.746337	30.362560115	45.0504078502
85202	35.142469	-80.956364	35.494113	-80.833292	33.1605999794	37.0941418042
85203	35.047909	-80.808255	35.424402	-80.855582	31.8554141891	34.4227185411
85204	35.157135	-80.888956	35.501137	-80.846045	26.6381643079	30.0496200853
85205	35.028705	-80.811876	35.506577	-80.851025	40.3857516276	45.3503648229
85206	35.494120	-80.885133	35.143065	-80.944595	30.7177152633	34.7876041136
85207	35.168399	-80.672997	35.474899	-80.829275	30.2908822466	37.2796677234
85208	35.467958	-80.917531	35.118855	-80.941848	32.0402422909	37.8626665324
85209	35.118197	-80.822827	35.496450	-80.839685	33.3609204477	42.89470948
85210	35.105216	-80.994118	35.468233	-80.933538	35.3362585234	41.5740265822
85211	35.312532	-80.973311	35.075808	-80.731760	29.5134080856	33.6711656878
85212	35.064026	-81.047780	35.250561	-80.665332	41.8608022054	46.3875988851
85213	35.151011	-80.660256	35.469314	-80.883246	32.9244134529	45.3594901697
85214	35.080607	-80.784761	35.428531	-80.854162	34.3594525417	41.4909796285
85215	35.326816	-80.948332	35.188024	-80.619422	32.41612842	35.0961979828
85216	35.433891	-80.912718	35.095514	-80.713789	32.4037838401	43.8682519665
85217	35.067298	-80.826076	35.423317	-80.903242	33.046905257	40.3934721657
85218	35.404073	-80.904639	35.068515	-80.830739	31.7848510142	37.3667362597
85219	35.079814	-80.827020	35.446360	-80.903771	32.308154712	38.5873080245
85220	35.097371	-80.999626	35.172421	-80.668337	29.2288513182	36.62273403
85221	35.491763	-80.878134	35.168581	-80.667294	31.6406950028	39.7531133968
85222	35.266946	-80.890378	35.255420	-80.880599	1.54335858598	4.87689081079
85223	35.076853	-80.842100	35.485553	-80.850111	35.0416977682	39.3092217819
85224	35.447403	-80.819106	35.070477	-80.760876	39.0831178131	44.3783266402
85225	35.044755	-80.814865	35.502896	-80.885610	38.2872759886	43.6445043287
85226	35.437626	-80.852621	35.038820	-80.860845	34.9491600182	40.8881118345
85227	35.066506	-81.031555	35.293124	-80.731791	29.6044879551	37.0115366994
85228	35.425353	-80.877610	35.201891	-80.624612	34.8086254132	37.8470253624
85229	35.193630	-80.727782	35.182286	-80.717589	1.32332233015	4.32244708019
85230	35.446592	-80.858094	35.066194	-80.769876	36.4069381678	40.1872170699
85231	35.119317	-80.807857	35.102906	-80.794257	1.75244294491	4.50874993688
85232	35.279509	-80.935292	35.263738	-80.945889	1.52507028092	3.71002348934
85233	35.043932	-80.844961	35.382687	-80.789970	30.263301574	34.9193987026
85234	35.352218	-80.795139	35.086715	-81.031259	29.9241695763	35.8768652142
85235	35.138903	-80.899842	35.505915	-80.855698	28.1915910632	33.4113668236
85236	35.056610	-80.865302	35.497702	-80.840020	38.2348987108	44.8011574597
85237	35.116849	-80.955949	35.473172	-80.802962	34.8138820402	40.9394394829
85238	35.106238	-80.809910	35.446376	-80.905061	30.5307017444	41.4249512599
85239	35.158323	-80.644375	35.132308	-81.010820	30.2447320161	31.7518305961
85240	35.040154	-80.859862	35.401042	-80.778801	33.5225734422	40.6448300284
85241	35.332935	-80.935495	35.345001	-80.926789	1.8140386882	4.54308088364
85242	35.275438	-80.681174	35.066921	-81.048668	35.2921781043	44.9206293396
85243	35.430021	-80.813796	35.054305	-80.745887	40.0519339113	50.2865702171
85244	35.261761	-80.957241	35.273722	-80.966395	2.02991037608	5.16654160374
85245	35.136275	-80.753161	35.490109	-80.864050	29.5627016793	37.855051164
85246	35.396884	-80.877667	35.044463	-80.858836	32.431811944	35.6569150433
85247	35.051250	-80.809416	35.474524	-80.827204	37.3070894155	41.7687546027
85248	35.215444	-80.607487	35.336825	-80.973230	26.445632387	37.0857409175
85249	35.242970	-80.740036	35.231678	-80.751882	2.12521919216	4.73757631333
85250	35.072157	-80.823592	35.442052	-80.892136	34.5326006723	38.8562761522
85251	35.196874	-80.637754	35.307629	-80.958156	33.1090510309	39.0114174021
85252	35.476401	-80.909526	35.073667	-80.750989	41.2300046004	45.5554031395
85253	35.210920	-80.682481	35.427653	-80.941658	28.4927309123	36.9376287117
85254	35.103804	-80.864324	35.470937	-80.861788	31.81435072	37.8948229317
85255	35.254475	-80.942694	35.253137	-80.955527	2.39932393737	5.00157335385
85256	35.472524	-80.916765	35.048352	-80.797041	40.6610336502	47.7696563647
85257	35.121710	-81.026457	35.463394	-80.802600	34.6907245402	40.1814459305
85258	35.210850	-80.827620	35.226309	-80.824469	1.70895065786	4.52231088106
85259	35.439482	-80.877426	35.078304	-80.779839	38.2457179791	43.6550436078
85260	35.120728	-80.830392	35.503155	-80.869260	31.1173303671	37.4788929624
85261	35.345443	-80.950240	35.019031	-80.832229	27.217366055	32.1696398589
85262	35.465123	-80.847334	35.020506	-80.823724	37.6579212958	44.7725360287
85263	35.476601	-80.856713	35.124012	-80.680471	31.602139577	41.1588769752
85264	35.293615	-80.876688	35.289754	-80.885086	1.93527833702	5.17044783514
85265	35.155714	-80.980753	35.506029	-80.848412	30.7104107418	33.0608007677
85266	35.052185	-80.803795	35.413004	-80.903352	34.5007687434	40.3191587928
85267	35.095768	-80.728316	35.451340	-80.773262	35.7228951641	42.3959741025
85268	35.492942	-80.833004	35.134482	-80.937304	33.3179592344	36.4821545546
85269	35.132548	-80.810756	35.119679	-80.824553	1.62669573028	3.98008007436
85270	35.454961	-80.782766	35.144447	-80.975323	30.9833830139	36.045524965
85271	35.229693	-80.606523	35.399216	-80.916350	36.3115621272	39.2670843547
85272	35.105216	-80.991326	35.202008	-80.595555	34.9082934337	40.5120362388
85273	35.026823	-80.831838	35.425051	-80.793030	35.0790771856	41.345784061
85274	35.054991	-80.862526	35.052218	-80.851275	1.08055385861	2.47041258502
85275	35.135469	-80.853297	35.144269	-80.862535	1.78185267462	4.14407870996
85276	35.484649	-80.881801	35.039829	-80.796661	38.3784265032	42.7122621318
85277	35.225337	-80.631928	35.500262	-80.851993	38.5814173989	39.032446856
85278	35.479397	-80.879562	35.132160	-80.789285	29.0610402954	36.7855589514
85279	35.344048	-80.818336	35.331856	-80.813895	2.79161186401	6.31983639782
85280	35.172187	-80.823161	35.183534	-80.839878	1.47179616388	3.85210388732
85281	35.196905	-80.574578	35.147972	-80.996525	33.6271706993	36.1586193982
85282	35.088676	-81.014680	35.434720	-80.896617	32.4667740523	37.5052950941
85283	35.056973	-80.751368	35.491008	-80.824889	42.2877863768	49.838942718
85284	35.058932	-80.797205	35.388982	-80.914631	34.0423723309	39.5200778558
85285	35.203684	-80.555236	35.474782	-80.803231	32.3942885689	39.8578722208
85286	35.175277	-80.775217	35.158628	-80.785903	1.84305029086	6.01155355673
85287	35.383098	-80.919348	35.031043	-80.821525	32.5766741108	37.8349392021
85288	35.191771	-80.618921	35.080988	-80.988836	33.3575526519	35.7487886833
85289	35.041808	-80.846550	35.419593	-80.907586	33.1468423151	38.8768516214
85290	35.036171	-80.811069	35.466044	-80.856574	37.0759506013	43.2306596092
85291	35.156333	-80.663360	35.422111	-80.874400	28.7253289304	38.6060492267
85292	35.093064	-81.042288	35.317664	-80.745201	29.9073308604	36.8521645139
85293	35.094631	-80.734435	35.463072	-80.880597	32.7894335665	45.995656646
85294	35.379597	-80.919111	35.042371	-80.809442	32.4460555418	36.6631972132
85295	35.244168	-80.863535	35.233549	-80.869962	1.96702720822	4.53514325253
85296	35.041322	-80.786833	35.430291	-80.854720	35.1232555355	41.644480273
85297	35.217375	-80.676936	35.228785	-80.683379	2.21716523544	5.68520399946
85298	35.125794	-80.857220	35.469927	-80.790134	32.0702123624	43.6564210479
85299	35.433422	-80.935987	35.068496	-80.763070	38.6798000742	45.2449346821
85300	35.464760	-80.861041	35.454087	-80.879124	3.32658964204	9.50939575036
85301	35.150100	-80.970458	35.481451	-80.815722	30.5775863708	35.2655935615
85302	35.021839	-80.853988	35.364526	-80.744345	38.0699698284	39.6586362901
85303	35.081885	-80.870491	35.446360	-80.903771	29.9186454999	34.0399435004
85304	35.101189	-80.864595	35.497689	-80.833705	35.2843763175	41.4683356363
85305	35.219287	-80.625197	35.315002	-80.980488	25.1117282142	36.7781550104
85306	35.498106	-80.861581	35.092836	-80.902895	31.8201546449	36.5497336991
85307	35.107676	-80.982462	35.481906	-80.817855	33.6721538912	39.994576118
85308	35.474375	-80.889111	35.194335	-80.661027	31.2630026994	38.556171011
85309	35.485852	-80.897161	35.160121	-80.992013	29.722933638	32.5565571034
85310	35.049918	-80.847592	35.507522	-80.850913	36.6347881664	40.4712712747
85311	35.178206	-80.791963	35.184272	-80.796696	1.06400490389	3.08926820859
85312	35.049422	-80.791825	35.429868	-80.897656	36.8317224062	43.0813053999
85313	35.491192	-80.859339	35.168625	-80.715096	29.3121126271	37.9266783859
85314	35.246097	-80.643454	35.158951	-80.998032	35.6284212975	37.847302613
85315	35.244453	-80.785262	35.243395	-80.773119	1.32609904672	3.63337494233
85316	35.130789	-80.756916	35.121041	-80.772044	2.0091975144	5.01182374993
85317	35.037477	-80.773420	35.428328	-80.875756	36.1902008099	40.7106866397
85318	35.182200	-80.610142	35.450952	-80.867016	37.5623119596	37.6529047438
85319	35.137235	-80.832802	35.469315	-80.929397	31.6004485821	40.6560052414
85320	35.107395	-80.959304	35.469314	-80.883246	31.9295277073	38.2794456621
85321	35.343107	-80.815968	35.334164	-80.803661	2.15606662085	6.13034707253
85322	35.354361	-80.875351	35.351254	-80.879663	0.413101164763	0.790031968054
85323	35.288975	-80.854373	35.307514	-80.866032	1.85937451394	3.48483685475
85324	35.044706	-80.770720	35.506572	-80.847257	41.1391705146	44.9994364489
85325	35.470513	-80.854814	35.085364	-80.742388	33.4355363991	48.243114658
85326	35.025248	-80.839194	35.506722	-80.850570	38.6247912854	43.300919729
85327	35.085414	-80.870933	35.096900	-80.864614	1.14518661134	3.81538263942
85328	35.240191	-80.788401	35.231618	-80.795015	0.8729884771	2.7736931063
85329	35.127992	-80.893284	35.470937	-80.861788	25.6566772738	30.192155388
85330	35.243093	-80.747546	35.225895	-80.756019	2.08795879603	5.90893795994
85331	35.045513	-80.820704	35.474375	-80.889111	37.722460365	41.6914956044
85332	35.414515	-80.878914	35.068885	-80.857006	30.2933149552	38.0392448185
85333	35.090288	-80.965704	35.446461	-80.883633	31.0354483914	37.4992848034
85334	35.484065	-80.862179	35.138022	-80.760681	29.9712375166	37.0473971966
85335	35.087495	-80.868107	35.480862	-80.852209	31.8021360136	36.4209509613
85336	35.427251	-80.931856	35.023678	-80.838564	35.8454121033	42.4900358986
85337	35.091780	-80.713638	35.407466	-80.903926	29.9483850322	42.6066757309
85338	35.103286	-80.810266	35.477080	-80.881886	35.6047401592	42.3599598018
85339	35.057451	-80.752309	35.498066	-80.860044	40.9644664213	44.2784371751
85340	35.162879	-80.676791	35.147145	-80.683024	1.65113859931	3.65981105293
85341	35.109793	-80.723317	35.465376	-80.939458	34.5027165799	47.0120780022
85342	35.083204	-80.850715	35.449412	-80.879919	30.0794601663	35.2636123102
85343	35.083593	-80.979911	35.204719	-80.596351	34.8670372671	39.1162868383
85344	35.474812	-80.859681	35.121508	-80.758722	30.0671715862	39.5917891581
85345	35.262999	-80.854718	35.249960	-80.865777	1.83807565168	4.74326677627
85346	35.100903	-80.728141	35.503080	-80.898447	33.6048168993	44.4291094557
85347	35.123872	-80.679333	35.477561	-80.881670	31.6343031534	39.298275431
85348	35.115080	-80.957855	35.447061	-80.776452	34.9497488042	39.4123859098
85349	35.093075	-80.814100	35.428588	-80.881261	31.5352789834	39.2429937669
85350	35.150332	-80.667115	35.087277	-81.006576	29.2864336094	36.7937058177
85351	35.475476	-80.891485	35.474335	-80.888074	0.218154683061	0.607492302406
85352	35.474314	-80.932431	35.134798	-80.781063	32.0308131012	41.2486227781
85353	35.083927	-80.745349	35.442461	-80.895845	31.9212301095	44.9132214455
85354	35.120510	-81.031539	35.349120	-80.704607	31.9811896738	36.797175014
85355	35.028128	-80.858709	35.030677	-80.837980	1.86557371986	4.39579153454
85356	35.415250	-80.834650	35.092300	-80.982781	28.923021961	35.1094038118
85357	35.117603	-80.706296	35.404073	-80.904639	27.8111841299	36.5648410836
85358	35.414515	-80.878914	35.074180	-81.052554	32.8469412742	40.3633401706
85359	35.496118	-80.885507	35.106236	-80.979609	32.745365026	38.6714856861
85360	35.291318	-80.703161	35.294178	-80.694628	1.32494957631	4.00772870272
85361	35.477095	-80.911787	35.182894	-80.727221	28.3812014482	34.214934313
85362	35.429769	-80.874576	35.036419	-80.868147	33.2152671364	39.5108689796
85363	35.072440	-81.016282	35.246550	-80.673492	32.4954644943	44.7488026528
85364	35.104976	-80.810108	35.093160	-80.807749	1.17297946488	3.43398515588
85365	35.347282	-80.710220	35.082628	-81.035714	36.2815313414	44.5394054776
85366	35.071887	-80.832315	35.408020	-80.871586	29.9412776366	35.6317824992
85367	35.437480	-80.943348	35.056325	-80.745096	40.2962722959	47.3463635618
85368	35.402327	-80.911323	35.040624	-80.793926	35.7381035374	41.4034917643
85369	35.149928	-80.661882	35.480732	-80.814208	31.2442909657	39.8236254926
85370	35.147374	-80.981154	35.163151	-80.606778	31.1306184585	34.0132252806
85371	35.485674	-80.892095	35.070369	-80.833837	35.3580676771	39.9188641928
85372	35.404890	-80.910048	35.201358	-80.611265	36.354615952	39.1599397481
85373	35.275099	-80.936665	35.277335	-80.955838	1.36840405169	3.3853099987
85374	35.454544	-80.930818	35.088077	-80.827370	38.1440017288	47.4270394568
85375	35.432981	-80.899444	35.088727	-80.870730	30.5893605106	33.971707357
85376	35.505883	-80.852042	35.031626	-80.848396	38.0972349651	41.8831792185
85377	35.438931	-80.899878	35.105273	-80.848199	28.9766572037	37.2878612851
85378	35.438656	-80.855726	35.067090	-81.026456	33.2018272969	38.5063899634
85379	35.226848	-80.999311	35.239633	-80.995664	1.0960236591	2.64533536814
85380	35.474656	-80.860577	35.057614	-80.779192	38.3132167678	43.6551511081
85381	35.489024	-80.881730	35.168820	-80.665574	31.7140876032	40.4191043968
85382	35.477832	-80.912666	35.114771	-80.786550	33.3489141373	43.2327553721
85383	35.155637	-80.747100	35.146233	-80.753318	1.57728762178	4.77849801571
85384	35.478824	-80.814575	35.064075	-81.020981	37.7218110149	46.3298011262
85385	35.055966	-80.866153	35.037120	-80.858289	1.71794324473	3.83384706834
85386	35.250678	-80.644770	35.083702	-80.992945	38.7382190307	41.2653946961
85387	35.041386	-80.807472	35.465286	-80.880515	37.3871471412	44.5821985287
85388	35.106990	-80.808773	35.484937	-80.858869	32.3408800586	42.2029956412
85389	35.339454	-80.779925	35.088173	-81.019373	31.7019274008	39.2005483388
85390	35.379359	-80.902547	35.042306	-80.835829	30.9948501785	35.7210038176
85391	35.133639	-80.937203	35.501215	-80.852321	32.3587635809	33.2787127244
85392	35.469830	-80.907843	35.185879	-80.669246	32.7108825055	42.3984305415
85393	35.237167	-80.605244	35.094638	-81.027502	36.3203393351	41.7311494443
85394	35.225832	-80.613870	35.409292	-80.905771	35.3392118975	38.0395664113
85395	35.501793	-80.890574	35.155228	-80.889476	26.0635248166	30.841211845
85396	35.476501	-80.896118	35.139711	-80.943674	30.3015268513	31.5347895197
85397	35.088618	-80.834584	35.482720	-80.862700	33.6137071565	38.8945618359
85398	35.324726	-80.792781	35.319938	-80.793071	0.972531215284	3.24613069844
85399	35.022406	-80.821778	35.374769	-80.765618	38.6660836521	43.3293922352
85400	35.254715	-81.009593	35.267957	-80.666495	27.3615981557	31.2266015801
85401	35.492452	-80.875135	35.072497	-80.885013	32.7072364955	37.8156467094
85402	35.386155	-80.776313	35.103741	-81.001875	28.8754110271	35.5667464119
85403	35.476401	-80.909526	35.070882	-80.844189	35.5998152455	39.3852268568
85404	35.192948	-80.685918	35.492455	-80.857084	29.7138531432	37.4373049404
85405	35.214795	-80.832025	35.217571	-80.839084	0.825995195006	2.51442876061
85406	35.480395	-80.856458	35.497395	-80.857308	1.45347167623	3.84741914798
85407	35.051954	-80.869222	35.030962	-80.862295	1.76187904059	4.01279425302
85408	35.474247	-80.871744	35.481765	-80.855101	1.37142916415	4.82804595484
85409	35.072368	-80.862945	35.482112	-80.859313	33.6835613719	39.0586033399
85410	35.471008	-80.924095	35.021090	-80.853048	39.2283584581	45.1457992455
85411	35.018229	-80.831902	35.492678	-80.856436	38.0830645025	44.0787602283
85412	35.100308	-80.808899	35.089251	-80.807490	1.52256825002	3.21343131373
85413	35.490264	-80.832093	35.107350	-80.771198	36.4990248475	48.2805323768
85414	35.351592	-80.778906	35.334375	-80.781180	4.20810453346	7.48785282033
85415	35.134006	-80.662193	35.232116	-80.996415	31.2697350128	34.6720694822
85416	35.462934	-80.839956	35.115782	-80.984154	31.9179583092	37.3755803145
85417	35.064334	-81.052253	35.333446	-80.836911	29.0888868557	36.9286995054
85418	35.098707	-80.858345	35.507320	-80.850186	33.9862841107	38.3323029083
85419	35.191752	-80.589757	35.397147	-80.880467	37.5947546098	39.4260821783
85420	35.064680	-80.768594	35.422229	-80.900032	36.3459840566	42.1973383654
85421	35.112467	-80.875364	35.497042	-80.856077	30.0607406227	36.7253010804
85422	35.049462	-80.817548	35.427920	-80.856930	32.2934241937	36.4108552024
85423	35.431913	-80.858075	35.122861	-80.998223	27.5722973196	31.3672332872
85424	35.107861	-80.853491	35.106143	-80.834643	3.80479175892	7.90680326568
85425	35.160679	-80.986577	35.496072	-80.844509	31.642175328	35.0149089725
85426	35.446270	-80.900299	35.066495	-80.799739	35.4642649791	41.9663905297
85427	35.119426	-80.696421	35.483381	-80.854325	30.9151775664	38.3753203928
85428	35.103973	-80.841019	35.493396	-80.853416	34.8048143493	41.8561192621
85429	35.091547	-80.851448	35.443779	-80.894422	30.105894811	33.8749451427
85430	35.391028	-80.773990	35.111286	-80.971144	27.3984370315	31.9748952859
85431	35.401827	-80.916520	35.066876	-80.790382	34.83112859	40.530209574
85432	35.088077	-80.827370	35.428898	-80.878780	30.184178351	37.3218559851
85433	35.135590	-80.825175	35.494630	-80.853318	30.9494900547	39.18140491
85434	35.025223	-80.837508	35.019073	-80.828970	0.782226356751	1.65249688862
85435	35.437732	-80.941371	35.114246	-80.720613	31.105452025	42.8171213627
85436	35.439823	-80.888612	35.152511	-80.620841	39.9833027213	43.6450957482
85437	35.035992	-80.801741	35.495578	-80.850470	39.4573377744	44.5900645436
85438	35.428738	-80.934369	35.108261	-80.715511	30.5573135444	41.3737686784
85439	35.437848	-80.888955	35.077568	-80.841440	32.2035814925	35.1004359017
85440	35.414458	-80.833883	35.066001	-80.730213	30.0541882504	42.5607240211
85441	35.071015	-80.744366	35.454977	-80.859625	38.9607142496	43.9705709417
85442	35.409871	-80.854874	35.058636	-80.830394	30.2918175228	34.3443561017
85443	35.484964	-80.881392	35.172868	-80.727789	27.7334450654	34.5472293992
85444	35.159042	-80.875449	35.154385	-80.884611	1.05702688979	2.77910939539
85445	35.498647	-80.881654	35.132781	-80.857349	28.8999782628	35.5454157494
85446	35.421039	-80.850264	35.067563	-80.827223	31.5492584778	37.6438479876
85447	35.209487	-80.672046	35.069823	-81.026104	30.5531461192	39.6037762957
85448	35.149030	-80.678990	35.435176	-80.896163	29.7903211767	39.1707715735
85449	35.449070	-80.882701	35.175713	-80.665366	28.1285240327	37.1318527641
85450	35.470023	-80.941219	35.109557	-80.848315	33.7701964421	45.3973575481
85451	35.085308	-81.038956	35.133082	-80.692225	30.9338529324	38.3257877072
85452	35.390540	-80.755069	35.031119	-80.806890	34.9356324914	39.2601169046
85453	35.071320	-80.825134	35.468311	-80.879405	34.8134647051	43.4324922972
85454	35.402757	-80.775871	35.026620	-80.821578	34.8237058819	42.1668751789
85455	35.225553	-80.858329	35.231765	-80.866805	1.04687591866	1.89386803152
85456	35.104972	-81.020271	35.466247	-80.787736	37.073777125	46.124756437
85457	35.168792	-80.805240	35.188190	-80.806392	2.07684709606	4.4810916782
85458	35.410307	-80.925822	35.070919	-80.883829	30.1138157742	36.246414907
85459	35.126385	-80.793492	35.487270	-80.829693	33.8403128559	44.6533918071
85460	35.116176	-80.681903	35.076074	-81.019544	28.4979059009	33.7904713683
85461	35.165571	-80.715119	35.511524	-80.838406	31.1986597907	38.7912706245
85462	35.050744	-80.871763	35.431315	-80.871744	30.5644553527	36.6628428328
85463	35.155769	-80.924391	35.485784	-80.850505	26.824387165	32.6079276106
85464	35.159876	-80.982518	35.162138	-80.990576	0.883117007598	2.22967788745
85465	35.163367	-80.966749	35.488584	-80.824109	30.3317599096	34.6343260287
85466	35.451029	-80.843214	35.083731	-80.893587	30.2521304724	34.9025213456
85467	35.267064	-80.741124	35.062837	-81.047441	31.6502541485	39.9324600625
85468	35.083454	-81.048800	35.479783	-80.886249	37.3433284937	42.5282286699
85469	35.136424	-80.977830	35.517768	-80.850767	35.1964570129	36.997989377
85470	35.165606	-80.720767	35.488385	-80.865431	28.0674093636	34.9990754801
85471	35.173129	-80.753652	35.172276	-80.752268	0.0968689566177	0.387900826487
85472	35.406897	-80.841991	35.054708	-80.855070	29.6243002094	32.5754961558
85473	35.409284	-80.878165	35.097874	-81.032111	29.8528230931	34.6404127096
85474	35.104903	-80.735628	35.426000	-80.874403	28.051344937	38.9656556585
85475	35.115248	-80.730056	35.463765	-80.837869	31.4990827769	42.2359616116
85476	35.112130	-80.850053	35.506181	-80.853439	31.5586887727	38.5504773608
85477	35.406975	-80.777775	35.056039	-80.743649	36.9329244398	42.1290208093
85478	35.448045	-80.858325	35.041761	-80.807588	34.9367815754	39.4921456271
85479	35.026700	-80.848178	35.494941	-80.847545	38.985702494	45.5708093295
85480	35.100195	-80.849773	35.480448	-80.852209	33.0889121939	39.6818650295
85481	35.055772	-80.795350	35.476197	-80.884758	37.5283990252	43.0446542289
85482	35.134545	-80.681678	35.421708	-80.876464	27.6313882047	35.95479051
85483	35.238602	-80.785932	35.226142	-80.774257	1.44258219967	3.56308679333
85484	35.182530	-80.620681	35.419241	-80.867277	35.36308121	36.2924788667
85485	35.416322	-80.853690	35.049338	-80.876826	28.9881384997	34.6361627182
85486	35.120740	-80.762824	35.498915	-80.862160	32.0502707704	40.0589685454
85487	35.122409	-80.968257	35.222206	-80.575800	33.2356674216	38.647908205
85488	35.075971	-80.846242	35.073977	-80.862197	1.36037287049	3.88856256433
85489	35.136115	-80.754301	35.481568	-80.853360	30.0724787651	38.2310301347
85490	35.070514	-81.002402	35.413890	-80.836227	30.5280568984	36.4848101433
85491	35.390733	-80.914054	35.167608	-80.658630	26.4111763898	38.7313379054
85492	35.467796	-80.791403	35.132554	-80.958821	33.253653486	39.4101139165
85493	35.444520	-80.898075	35.084041	-80.724781	33.4833723892	44.0959144839
85494	35.484623	-80.877656	35.129389	-80.831715	28.8548630789	36.127238526
85495	35.094224	-80.731042	35.517402	-80.850597	38.3606803825	48.6959082348
85496	35.069866	-80.802141	35.498749	-80.858598	37.8688328728	42.2033355624
85497	35.211878	-80.846638	35.211376	-80.861437	1.12224318393	4.0261456562
85498	35.172921	-80.659376	35.491927	-80.823429	30.0799821447	37.8410276566
85499	35.122225	-80.743643	35.464864	-80.885557	30.3243938806	39.9826015208
85500	35.396176	-80.891629	35.174466	-80.616592	34.7773564148	37.9016630876
85501	35.480337	-80.899108	35.035116	-80.843964	36.8294063196	42.0288072453
85502	35.191736	-80.581547	35.469620	-80.830575	35.7858562233	40.6216754468
85503	35.259274	-80.697312	35.084689	-81.029022	33.9643724564	43.3671297159
85504	35.035992	-80.801741	35.050093	-80.802932	1.66134688862	3.77967167022
85505	35.224050	-80.656005	35.502036	-80.861234	38.0402755192	38.2371932882
85506	35.485958	-80.866841	35.144048	-80.743278	27.7437716949	33.0755718209
85507	35.474226	-80.863568	35.173783	-80.612720	39.7780914783	42.7689841911
85508	35.079386	-80.857248	35.490952	-80.852399	33.8128054063	41.2605676937
85509	35.112710	-80.965862	35.474335	-80.888074	33.703552318	36.9362535691
85510	35.075566	-80.853016	35.497354	-80.831756	35.9130250396	42.3260001215
85511	35.466590	-80.886674	35.076312	-80.770777	38.8352967738	43.3498803861
85512	35.041301	-80.770719	35.441671	-80.857337	36.6049175995	38.9354063203
85513	35.485477	-80.893268	35.179583	-80.598482	41.779944187	44.1178809441
85514	35.156137	-80.657497	35.481706	-80.853857	32.7909195788	43.1072679064
85515	35.093278	-80.825373	35.072421	-80.823084	5.33876520208	10.1720612178
85516	35.121658	-80.745831	35.129845	-80.746444	0.82664578532	1.914125621
85517	35.209173	-80.838665	35.215871	-80.826552	1.00831643677	3.11544779024
85518	35.403325	-80.936864	35.140434	-80.680263	28.1604147627	41.6118692275
85519	35.436289	-80.902906	35.066837	-80.792773	35.6604937887	40.3268493217
85520	35.439827	-80.892227	35.065487	-81.013852	34.3344804149	40.686339052
85521	35.032283	-80.810973	35.410560	-80.836413	33.1863480567	37.4650670744
85522	35.073371	-80.720322	35.413321	-80.930449	30.8802975888	47.207531004
85523	35.506065	-80.880082	35.153565	-80.760923	28.4565736714	36.6026486228
85524	35.213076	-80.557842	35.169364	-80.976159	34.1196229242	36.3117309827
85525	35.114281	-80.803646	35.441854	-80.902203	29.9205679465	39.7019964565
85526	35.477043	-80.782392	35.131307	-80.935894	34.4634920881	40.5268501708
85527	35.176282	-80.721733	35.162862	-80.725937	2.70786867617	5.06468679502
85528	35.046075	-80.857181	35.408101	-80.777131	33.348097865	41.1489533738
85529	35.082586	-80.807285	35.501015	-80.801985	42.158654834	49.7971076958
85530	35.422759	-80.904579	35.072320	-81.027499	33.1176703736	40.7841301682
85531	35.492611	-80.860686	35.071244	-80.830138	36.1657393892	44.282126868
85532	35.105124	-80.755615	35.494650	-80.834064	34.7917191312	46.8259143285
85533	35.172917	-80.663608	35.430090	-80.898654	30.0141413941	40.9979284669
85534	35.079763	-80.735712	35.463437	-80.779219	39.4864709461	44.2071481913
85535	35.079360	-80.854479	35.410996	-80.761702	30.7861500872	37.7799206828
85536	35.036319	-80.817744	35.445282	-80.781186	37.5846951347	44.2321918154
85537	35.098225	-80.853813	35.437425	-80.864215	29.0098729004	32.5785038221
85538	35.179874	-80.849830	35.169491	-80.866577	1.7847791799	4.90845752272
85539	35.068281	-80.771734	35.483931	-80.819643	40.4216299559	45.3304220114
85540	35.038477	-80.788460	35.487270	-80.829693	42.4214075078	50.1244203063
85541	35.120116	-80.719928	35.484641	-80.849605	31.0253137117	40.425498661
85542	35.254002	-80.743041	35.274216	-80.745559	2.43502914089	5.41241068011
85543	35.437480	-80.943348	35.038131	-80.796734	38.6859164742	47.1084208076
85544	35.087631	-80.702647	35.404512	-80.831366	29.1019675	39.2097811814
85545	35.130855	-80.786895	35.124951	-80.794339	0.913396756527	2.63623834478
85546	35.435489	-80.882646	35.040624	-80.793926	36.6847185984	41.9608035349
85547	35.366139	-80.808533	35.027694	-80.821797	32.0114835343	38.2216076057
85548	35.073929	-80.793514	35.423284	-80.871713	33.7041516156	39.0140209776
85549	35.480484	-80.861033	35.086543	-81.020727	34.3598005302	40.7715808713
85550	35.134040	-80.760840	35.499203	-80.860357	30.5916805184	35.9282583357
85551	35.472184	-80.865932	35.129371	-80.765319	28.9530470968	38.4726437809
85552	35.051951	-80.871855	35.492295	-80.838794	36.5764141244	43.2959992272
85553	35.063616	-80.778663	35.502264	-80.848578	40.2111275693	42.5216489724
85554	35.158323	-80.644375	35.487172	-80.878698	32.0106597909	40.0323377315
85555	35.191736	-80.581547	35.138484	-80.943525	28.7575622837	30.0659700484
85556	35.372796	-80.740249	35.074767	-81.019871	34.1196552103	39.8445022391
85557	35.463235	-80.858275	35.140815	-80.734979	27.6617684659	35.2037995248
85558	35.082642	-81.045804	35.414314	-80.908409	34.3991440032	40.4668177289
85559	35.223735	-80.607948	35.173768	-80.956310	32.6234633265	33.2254624791
85560	35.491763	-80.878134	35.101070	-80.967812	32.3025906322	36.9983381725
85561	35.244674	-80.976234	35.192160	-80.622293	34.0120802735	34.1828910776
85562	35.031519	-80.864273	35.500889	-80.854050	38.779844541	44.4763499809
85563	35.095539	-80.690541	35.475583	-80.813380	36.2875713715	42.2359081584
85564	35.248903	-80.638357	35.061559	-81.010815	38.8875190232	43.2374805159
85565	35.229640	-80.629459	35.120219	-80.974561	32.8232042078	36.9944781805
85566	35.407484	-80.843849	35.090788	-80.720111	27.7584724808	37.9877564408
85567	35.113445	-80.787693	35.506623	-80.849695	33.3278488762	41.4271483442
85568	35.081921	-80.851251	35.427721	-80.833454	30.0114579911	36.7437883102
85569	35.384015	-80.915875	35.044375	-80.809390	32.5842617007	37.9164513358
85570	35.158601	-80.647547	35.496370	-80.853775	33.5506198195	42.0837898633
85571	35.139307	-80.703599	35.488950	-80.866287	29.767025428	36.3990202251
85572	35.061163	-80.805280	35.412678	-80.839097	31.5585189995	35.408775584
85573	35.121337	-81.027637	35.491619	-80.846149	35.5946733254	41.2330960325
85574	35.129382	-80.793131	35.493355	-80.832599	32.5896045584	42.9767158022
85575	35.228186	-80.754235	35.235490	-80.766967	1.15713301412	2.93353361994
85576	35.486032	-80.906073	35.119898	-80.870029	29.6630719949	35.9448226647
85577	35.078802	-80.869986	35.451191	-80.847993	30.3754223714	34.9610746771
85578	35.381916	-80.780223	35.054225	-80.862408	32.5551971222	38.9299510852
85579	35.438022	-80.892480	35.084844	-80.865562	30.0977207921	34.4976128532
85580	35.249153	-80.639379	35.116544	-80.979704	34.7715404659	40.0726155078
85581	35.408176	-80.848671	35.063447	-80.765514	33.4241873605	36.3659736072
85582	35.133083	-80.660447	35.480061	-80.820000	32.7302804368	36.8102972683
85583	35.170754	-80.608115	35.082577	-80.980975	30.5203978107	32.7500198775
85584	35.307880	-80.981521	35.138066	-80.675701	27.5576612135	35.8133990713
85585	35.492330	-80.876275	35.049338	-80.876826	34.2701643287	39.7755706654
85586	35.215265	-80.847937	35.200680	-80.861485	1.80942611927	5.12908654851
85587	35.055347	-80.877030	35.480673	-80.902323	36.157435746	43.8574797587
85588	35.037015	-80.819948	35.462206	-80.810289	38.2926046379	45.0547637145
85589	35.071320	-80.825134	35.423759	-80.880407	31.0612203862	37.9274345565
85590	35.082495	-80.793069	35.473172	-80.802962	38.7757069848	50.0932597333
85591	35.088100	-80.739989	35.486978	-80.827299	40.5244881025	49.3741042712
85592	35.126404	-80.734729	35.456786	-80.811532	30.2437011656	41.2566548834
85593	35.081787	-80.850243	35.449437	-80.884097	30.3919143563	36.0484634949
85594	35.295292	-80.704405	35.307297	-80.708492	0.853944588558	1.32751769804
85595	35.408409	-80.823486	35.039660	-80.863064	33.3008918387	40.1981839942
85596	35.328574	-80.720721	35.119424	-80.994033	28.726206242	33.5856118716
85597	35.465817	-80.923920	35.152511	-80.620841	43.8910791883	48.1501454615
85598	35.202298	-80.602072	35.502216	-80.861453	40.7106534257	42.1149918164
85599	35.176671	-80.702909	35.481208	-80.856869	28.7000758432	35.0341975305
85600	35.471512	-80.799247	35.072331	-81.025775	38.8467728555	47.6217841159
85601	35.464051	-80.921436	35.202265	-80.688465	32.465695751	43.6123209155
85602	35.046817	-80.822591	35.424058	-80.829519	33.2773101066	38.1699325612
85603	35.474889	-80.895930	35.019533	-80.857430	37.9018378924	43.1607777785
85604	35.098535	-81.033937	35.437352	-80.865343	32.1462909577	36.3600255646
85605	35.444291	-80.890323	35.460248	-80.879114	2.21299076431	4.72800055235
85606	35.427934	-80.875983	35.150577	-80.645422	29.5406413584	39.6493658876
85607	35.436263	-80.876954	35.105173	-80.977947	30.5365705788	37.402410242
85608	35.459251	-80.807654	35.113996	-80.798053	38.6962320459	47.4463390757
85609	35.211197	-80.804671	35.209037	-80.790494	2.47315699072	7.10893665503
85610	35.150952	-80.781610	35.482787	-80.884355	28.0491961865	33.9237930525
85611	35.416576	-80.880548	35.069223	-80.730367	30.6168911311	43.732092743
85612	35.465008	-80.887566	35.083885	-80.841633	32.8781979654	38.7169266548
85613	35.055619	-80.745298	35.490155	-80.856286	40.7815837108	46.0956676501
85614	35.293724	-80.688190	35.100253	-80.993654	31.4322601312	39.21496624
85615	35.378431	-80.754024	35.063625	-81.050900	35.1745455925	43.4550854867
85616	35.447403	-80.819106	35.080088	-80.834097	34.0840384196	40.8756095874
85617	35.466563	-80.923932	35.031626	-80.848396	38.8665276036	44.5262621194
85618	35.189193	-80.729878	35.180390	-80.713327	2.55895655726	6.61951927181
85619	35.393783	-80.905575	35.023678	-80.838564	34.2681742018	38.0999969183
85620	35.167937	-80.621141	35.483987	-80.853789	40.7518983732	42.785845785
85621	35.076801	-80.772606	35.428101	-80.817792	35.9682396361	41.0173932419
85622	35.442370	-80.774163	35.094446	-80.996825	35.5948401739	43.2292085196
85623	35.161082	-80.929717	35.154335	-80.922241	1.2387640984	2.77119549628
85624	35.038782	-80.871990	35.408798	-80.810616	32.1716197783	39.8852482998
85625	35.090359	-80.707159	35.506604	-80.852438	35.3634679173	46.9060220997
85626	35.390577	-80.762025	35.037960	-80.818897	36.8398553785	42.0155200392
85627	35.375140	-80.777060	35.047835	-80.866487	32.4281571902	38.0960193789
85628	35.183000	-80.639497	35.085606	-81.022381	32.0659995774	37.4284371239
85629	35.492063	-80.866771	35.148859	-80.786317	26.9935195081	36.1908659032
85630	35.122320	-81.031373	35.474782	-80.803231	36.1285871283	42.5298041963
85631	35.489024	-80.881730	35.075847	-80.844682	33.819785319	39.2485835202
85632	35.042598	-80.780109	35.500568	-80.843577	42.1871722794	47.3688412154
85633	35.160886	-80.924752	35.496048	-80.830564	29.4583081237	37.2790709272
85634	35.240863	-80.826740	35.228780	-80.840839	1.21841475185	3.33326896514
85635	35.462051	-80.923409	35.104813	-80.772907	36.3340529409	48.4128112508
85636	35.493118	-80.860503	35.057907	-80.794768	37.7475083223	43.5877844244
85637	35.477095	-80.911787	35.134955	-81.040404	34.3725417872	40.8034219863
85638	35.072324	-80.883495	35.505661	-80.852480	34.0529124833	38.0521149724
85639	35.396371	-80.875728	35.045985	-80.801788	33.9999888655	37.2370531658
85640	35.383902	-80.926867	35.136344	-80.683538	26.1666978915	38.6841489721
85641	35.419760	-80.865347	35.081027	-80.983255	28.6689370442	33.0660687927
85642	35.417892	-80.832727	35.078133	-80.730670	29.6861870934	42.4761373875
85643	35.133564	-80.861152	35.491626	-80.865548	28.9576726079	36.3404259895
85644	35.094471	-80.696500	35.446604	-80.879958	30.3730306199	38.5885956828
85645	35.495220	-80.875951	35.143839	-80.889363	26.6518109027	31.1393866167
85646	35.209438	-80.655049	35.214028	-80.672671	1.53334300119	4.4372488453
85647	35.059030	-80.800053	35.448661	-80.882770	34.3468716385	38.5394500045
85648	35.088601	-80.895648	35.496348	-80.852304	33.5579612259	37.9228915827
85649	35.366846	-80.794344	35.372802	-80.792909	2.75935748242	7.42665733226
85650	35.438158	-80.820913	35.121417	-81.010808	30.0179647747	34.5839619962
85651	35.138117	-80.886133	35.481525	-80.855690	26.8729665082	30.8858580069
85652	35.052772	-80.832178	35.442761	-80.896135	34.052015822	39.9832678134
85653	35.446592	-80.858094	35.100396	-80.684206	30.2323721046	38.6419058075
85654	35.087599	-80.998469	35.309746	-80.736364	27.4040978349	34.5874613942
85655	35.340698	-80.813048	35.344508	-80.815907	0.682046735791	1.97946889534
85656	35.140364	-80.894181	35.496889	-80.873114	26.3732133117	29.8784335189
85657	35.023890	-80.844733	35.508494	-80.853551	38.8568604231	43.9152987489
85658	35.038477	-80.788460	35.469782	-80.854574	38.2060550912	45.2446391876
85659	35.500448	-80.885540	35.042801	-80.863746	36.8402557535	42.0112109471
85660	35.150059	-80.957695	35.488888	-80.855919	30.4061178675	34.8571706614
85661	35.078204	-81.048691	35.305587	-80.728129	30.7615377055	38.244038897
85662	35.433959	-80.803586	35.060546	-80.823936	34.6342831436	39.782401701
85663	35.136994	-80.970894	35.342883	-80.702252	27.8756537213	30.0495071034
85664	35.041320	-80.838249	35.388589	-80.767345	32.6859124944	39.47137881
85665	35.100074	-80.967513	35.482266	-80.850167	33.2413680025	39.6691988449
85666	35.399270	-80.887884	35.092493	-80.711968	29.3580791662	42.4493200049
85667	35.136349	-80.756947	35.131507	-80.741367	1.57343002133	4.70220094956
85668	35.162244	-80.768923	35.156914	-80.764129	0.625844847648	2.52625482107
85669	35.117348	-80.729902	35.131658	-80.716746	2.51662197826	6.40475485491
85670	35.439352	-80.898698	35.105529	-80.993442	29.9902095289	33.8199830155
85671	35.117783	-80.975321	35.123480	-80.976159	1.43340065368	3.73399209916
85672	35.315865	-80.702267	35.149115	-81.002485	26.1773158988	33.108882359
85673	35.434536	-80.872883	35.082688	-80.895286	29.266816109	33.730279445
85674	35.343231	-80.958079	35.339017	-80.965682	1.65862452559	5.29034375665
85675	35.379689	-80.762779	35.030975	-80.806549	34.9512064734	39.4586315113
85676	35.089188	-80.796987	35.494593	-80.848541	37.7929840678	44.832315169
85677	35.159283	-80.781133	35.509402	-80.842054	27.9167198838	36.4721190115
85678	35.160000	-80.786800	35.498049	-80.863366	26.343204324	32.6235962037
85679	35.096364	-80.867037	35.468090	-80.787791	34.5966672082	42.2304244079
85680	35.483313	-80.894543	35.076393	-80.746801	41.5703267446	47.4188092987
85681	35.107807	-80.849620	35.097730	-80.852841	1.14853548082	4.94406793975
85682	35.167987	-80.666800	35.516307	-80.852485	37.1009174203	45.9906642161
85683	35.404644	-80.933377	35.031719	-80.834727	34.3604960884	41.2886792679
85684	35.264987	-80.927655	35.245054	-80.918012	2.39758400863	4.67938654557
85685	35.258599	-80.909353	35.194840	-80.567178	31.5146321227	33.0941146953
85686	35.142257	-80.652369	35.459161	-80.810685	31.3621786356	37.0731386123
85687	35.074751	-80.802304	35.446272	-80.884063	34.368471671	40.1021028882
85688	35.159470	-80.684734	35.504500	-80.843636	32.813671109	41.8636427936
85689	35.411009	-80.865526	35.025855	-80.839363	30.9719388906	34.8834034679
85690	35.067441	-80.803390	35.429161	-80.854905	32.1297702458	36.925350967
85691	35.109167	-80.886390	35.472882	-80.896185	31.7541495898	36.2864865779
85692	35.310376	-80.974876	35.176459	-80.661357	22.4542040364	32.682720199
85693	35.046499	-80.821275	35.442537	-80.895094	35.0106919023	39.0219295523
85694	35.426190	-80.935916	35.220831	-80.660166	35.8808798477	39.5293507778
85695	35.089539	-80.877208	35.069125	-80.882333	1.6339513826	3.66841857343
85696	35.195924	-80.595629	35.096899	-81.030815	34.4482696973	39.6673218935
85697	35.078716	-80.830319	35.088983	-80.844714	1.69957777477	3.30588383777
85698	35.491763	-80.878134	35.056762	-80.876365	33.5309607637	38.2793901808
85699	35.380592	-80.744633	35.023890	-80.844733	34.2617679329	39.952219686
85700	35.042519	-80.806652	35.465008	-80.887566	36.4488155794	41.4854186947
85701	35.109531	-80.725649	35.480061	-80.820000	37.4235912661	43.2509240948
85702	35.385942	-80.881305	35.047569	-80.804476	32.7575011355	35.0591950361
85703	35.401167	-80.848718	35.063989	-80.883162	28.1425955192	32.7518302814
85704	35.107596	-80.730138	35.501215	-80.852321	32.8129657753	40.648428645
85705	35.394672	-80.758712	35.049776	-80.804985	36.1822055389	40.4214497314
85706	35.162786	-80.863697	35.167930	-80.857098	1.10350037922	3.79169570915
85707	35.093902	-80.810396	35.501731	-80.856019	36.136602484	40.6767292171
85708	35.123049	-80.987310	35.225748	-80.661786	34.5569791528	37.8023101826
85709	35.052185	-80.803795	35.501137	-80.846045	38.5982398012	42.4886115959
85710	35.451029	-80.843214	35.079028	-80.827070	33.2836368448	39.2096705511
85711	35.131275	-80.947772	35.118736	-80.964611	2.24588048479	4.28117557188
85712	35.132120	-80.849027	35.141269	-80.856531	1.21360750682	3.82495391713
85713	35.462613	-80.914118	35.107596	-80.730138	33.9360728165	45.1091402588
85714	35.096984	-80.756589	35.470904	-80.810177	34.3034756341	48.5657421769
85715	35.112541	-80.744560	35.502633	-80.845561	33.427617857	42.0277302042
85716	35.067765	-80.796859	35.053398	-80.810578	1.95115013807	5.90471829336
85717	35.407545	-80.901888	35.063789	-81.036814	32.8487035799	39.257496794
85718	35.094595	-80.756068	35.424513	-80.903004	32.2682516742	49.0502727032
85719	35.040871	-80.867856	35.494820	-80.851865	38.548000345	44.1067269179
85720	35.051003	-80.807244	35.457643	-80.811354	36.6374593021	40.4609879574
85721	35.104961	-80.724199	35.424402	-80.855582	26.5442473586	35.9051313904
85722	35.436527	-80.851358	35.089638	-80.719074	31.164385764	42.5831519791
85723	35.303857	-80.979804	35.306538	-80.995397	1.26992762413	3.12019163863
85724	35.309960	-80.720450	35.080901	-80.989807	28.20275526	34.967208046
85725	35.168502	-80.830675	35.506123	-80.870056	25.7199869191	31.8450672959
85726	35.431424	-80.845300	35.117549	-80.969393	28.0936696309	33.6550750173
85727	35.493664	-80.875090	35.027679	-80.830612	37.07941522	41.6987447235
85728	35.255280	-80.664268	35.092364	-80.995230	36.4176765118	41.5584583462
85729	35.038154	-80.782128	35.437787	-80.816914	38.3362248129	45.6038931481
85730	35.121880	-80.746160	35.447451	-80.852006	28.1959228858	35.9161364768
85731	35.225574	-80.981047	35.190252	-80.613442	34.6856690925	38.0371717592
85732	35.494314	-80.876436	35.096090	-80.771026	34.6896247638	47.4259633679
85733	35.499736	-80.887085	35.040871	-80.867856	37.1356483558	42.0593625893
85734	35.434645	-80.826257	35.112356	-80.966822	30.8868484008	36.4297256823
85735	35.399669	-80.829902	35.093086	-80.974266	27.4429980232	32.2876812378
85736	35.415623	-80.834592	35.071450	-80.856787	29.4482125644	35.7847786299
85737	35.070369	-80.833837	35.480395	-80.856458	34.8756698416	39.334009947
85738	35.365049	-80.826933	35.070174	-81.024791	27.2975499304	30.7459037584
85739	35.225152	-80.983077	35.238710	-80.987302	3.30856844392	6.58253143422
85740	35.049615	-80.827800	35.375820	-80.921516	33.9210267908	40.9057085573
85741	35.104570	-80.969302	35.412388	-80.825028	28.6855718915	34.7850250815
85742	35.104190	-80.779121	35.503479	-80.853792	38.3423615337	44.4178491626
85743	35.102746	-80.692950	35.485273	-80.850975	33.2676038808	42.3404942935
85744	35.399165	-80.882203	35.407951	-80.901540	1.64542358881	3.24856792224
85745	35.469244	-80.882178	35.073590	-80.887398	32.4270931531	39.2447974205
85746	35.119427	-80.763213	35.481816	-80.850496	31.6780260415	42.7331108783
85747	35.505311	-80.848918	35.199874	-80.651904	33.5228490414	41.8439122877
85748	35.478768	-80.908917	35.160769	-80.661329	34.3797672292	44.8287212769
85749	35.397613	-80.864032	35.021016	-80.819883	32.7939580561	38.4826341358
85750	35.069611	-80.828837	35.428703	-80.881857	31.644149124	40.5358848632
85751	35.439830	-80.853540	35.120257	-80.675211	30.6178787062	39.1132417824
85752	35.483291	-80.904899	35.124705	-80.713268	32.1860104611	42.6834664824
85753	35.192289	-80.881752	35.172608	-80.872412	1.84424111546	4.57113445445
85754	35.104826	-80.680593	35.063517	-81.027010	28.2033419237	31.9225386508
85755	35.044279	-80.775119	35.453612	-80.884159	36.9671825572	42.0642838694
85756	35.333368	-80.969233	35.154039	-80.647332	24.0832481645	35.8417225435
85757	35.425339	-80.880881	35.062519	-81.027586	32.3299392938	39.8569711517
85758	35.461228	-80.911345	35.107038	-80.854433	32.7902103228	43.0556014876
85759	35.413724	-80.833131	35.089638	-80.719074	28.3705865068	39.612276473
85760	35.160847	-80.744162	35.482000	-80.853086	27.3649314431	33.6945140931
85761	35.119265	-80.669315	35.320343	-80.965308	24.2728277686	36.5233814112
85762	35.140373	-81.039293	35.496618	-80.832125	36.2155888975	43.5059523202
85763	35.091003	-80.891226	35.515833	-80.852350	37.7285435634	43.8103472865
85764	35.075806	-80.987750	35.409893	-80.829256	29.8659884396	36.2517513063
85765	35.418677	-80.848837	35.409111	-80.850250	1.6791431807	5.60414874496
85766	35.123650	-80.743044	35.132037	-80.756838	1.2620539202	3.4944933294
85767	35.449430	-80.882837	35.095858	-81.002759	29.9830351032	34.6064072783
85768	35.093437	-80.733840	35.412241	-80.868575	27.4523080016	37.7964193466
85769	35.479662	-80.914888	35.117352	-80.965200	34.2630800241	38.949541892
85770	35.323330	-80.689036	35.088223	-80.989160	28.0452680344	36.4915355519
85771	35.085476	-80.824088	35.426474	-80.857785	29.2855687294	34.2416228538
85772	35.414389	-80.830776	35.049632	-80.807787	32.2840717954	36.9930605779
85773	35.456215	-80.924688	35.072370	-80.887500	35.9379212653	43.5880830639
85774	35.324470	-80.959715	35.187885	-80.621411	33.4000177165	37.3992893274
85775	35.441601	-80.886677	35.074146	-80.719895	33.4149699424	47.5531120358
85776	35.079885	-80.748636	35.077462	-80.727166	2.89916375768	6.21058098842
85777	35.083472	-80.802191	35.486426	-80.849477	38.2923704594	45.8882359478
85778	35.163321	-80.668096	35.492942	-80.833004	30.8609929619	37.9592807475
85779	35.138066	-80.675701	35.475739	-80.864741	32.1719176422	41.0826257893
85780	35.172696	-80.673125	35.449464	-80.889284	28.4444517048	36.5457816277
85781	35.118000	-80.673385	35.375820	-80.921516	26.4960491093	37.7035436439
85782	35.144307	-80.867474	35.478851	-80.815886	28.9059516992	38.2682336056
85783	35.089850	-80.895053	35.473985	-80.897583	32.8577743674	38.5013154577
85784	35.177056	-80.805545	35.177896	-80.783756	1.55735500986	3.71392921774
85785	35.171663	-80.758452	35.469628	-80.929228	28.5793614368	34.7708280423
85786	35.084054	-80.746107	35.428453	-80.849553	29.6483720109	42.7608716894
85787	35.420921	-80.848633	35.039425	-80.805945	33.5444626215	38.4177226245
85788	35.385450	-80.843346	35.043337	-80.835411	30.3349482408	36.5765650427
85789	35.072487	-80.749685	35.424108	-80.855311	34.6307260958	37.3094116233
85790	35.475341	-80.940489	35.079001	-80.858656	36.9961546699	45.9555564418
85791	35.428703	-80.881857	35.034878	-80.800693	35.0889402826	42.1514663515
85792	35.095456	-80.832398	35.493039	-80.852420	34.9496124994	42.7347934201
85793	35.369649	-80.741948	35.030520	-80.806813	33.5755892086	37.0862821145
85794	35.231872	-80.680444	35.135182	-81.010898	28.7149030444	37.4358421665
85795	35.138600	-80.638389	35.296338	-80.963841	35.3183255318	38.6487714892
85796	35.082837	-80.822612	35.469861	-80.852339	33.7762684913	39.6626819551
85797	35.235923	-80.803539	35.247587	-80.799198	1.10113420539	3.26001078047
85798	35.428776	-80.852569	35.067765	-80.844309	30.3813690457	34.381540632
85799	35.031194	-80.800581	35.501702	-80.854685	39.6805727826	43.5557934738
85800	35.025365	-80.819963	35.493039	-80.852420	39.0819332867	47.1663954982
85801	35.404679	-80.839476	35.080413	-80.727433	28.6081402823	39.6961360478
85802	35.153545	-80.766889	35.170183	-80.766352	2.18981831077	5.42337418559
85803	35.066586	-80.767790	35.506302	-80.856445	40.3898193444	44.3945940937
85804	35.109531	-80.725649	35.444913	-80.886442	28.4077764588	37.4449346324
85805	35.162621	-80.644544	35.103928	-80.994246	28.5501826707	33.8489467509
85806	35.501015	-80.801985	35.072127	-81.014080	41.3733927415	50.8911824866
85807	35.110196	-80.760088	35.492376	-80.833298	34.4192065007	44.9701773049
85808	35.051299	-80.850686	35.497657	-80.854291	36.1985303	39.3162525621
85809	35.128976	-80.938437	35.488790	-80.884184	31.5840621796	33.7308695032
85810	35.432718	-80.935743	35.050415	-80.801875	36.3332635277	42.8305263273
85811	35.044575	-80.850535	35.488942	-80.856657	36.3345645584	42.1511773612
85812	35.090886	-81.047191	35.459087	-80.781729	37.746173904	45.8115079096
85813	35.213334	-80.845970	35.210735	-80.834770	0.981220720292	3.10469735708
85814	35.039995	-80.860350	35.508546	-80.851736	37.9757770025	42.6075651702
85815	35.437185	-80.902227	35.094600	-80.741968	31.6364186627	43.2783165618
85816	35.093902	-80.810396	35.466445	-80.880496	35.0706244255	43.6603275426
