ODIndex	originLat	originLng	destinationLat	destinationLng	GoogleMile	GoogleMin	ArcGISMile	ArcGISMin	OSMMile	OSMMin
62801	36.172565	-80.217867	36.492811	-80.793118	45.1 mi	48 mins	45.5778833145	46.9051865596	45.428	54.0333333333
62802	35.026413	-79.139901	35.220120	-77.636357	97.2 mi	1 hour 52 mins	114.923464495	120.568390823	114.209	126.283333333
62803	35.249986	-77.416194	35.431455	-79.163642	115 mi	2 hours 10 mins	136.320550645	142.620518273	120.073	147.516666667
62804	35.782455	-78.888228	36.277134	-79.107078	45.8 mi	56 mins	49.512298359	57.7442643761	45.763	64.2833333333
62805	35.001082	-76.862380	36.313494	-76.260398	131 mi	2 hours 19 mins	130.627815764	143.530387753	130.781	163.016666667
62806	36.082030	-82.335152	36.154655	-81.981133	39.7 mi	1 hour 2 mins	39.5734922882	61.7068255281	39.497	65.5666666667
62807	35.686978	-77.459791	36.131190	-79.494241	139 mi	2 hours 13 mins	139.31345252	138.776594933	134.821	149.516666667
62808	35.729118	-80.993948	35.518115	-81.022784	20.6 mi	30 mins	30.3169089997	41.3322253236	31.565	45.1
62809	35.698010	-81.981964	34.994962	-83.894011	144 mi	2 hours 31 mins	143.602688456	156.311977979	143.826	160.35
62810	35.487277	-78.261196	36.006389	-79.206367	79.2 mi	1 hour 16 mins	79.2371490285	82.4389789441	82.054	87.8166666667
62811	36.290539	-76.973005	35.878856	-77.237578	39.5 mi	48 mins	38.0494062106	47.1611334074	38.243	54.9
62812	36.333093	-80.421122	35.816057	-82.533829	181 mi	2 hours 49 mins	180.71526463	173.315050409	180.901	178.583333333
62813	36.063517	-76.610447	35.811526	-76.775688	30.1 mi	34 mins	29.8365584126	34.5813253917	30.115	39.2166666667
62814	35.080681	-78.826424	35.205986	-77.899419	59.7 mi	1 hour 9 mins	67.268813679	72.6890063149	66.966	87.1
62815	35.224121	-77.638215	35.883996	-77.232262	59.9 mi	1 hour 10 mins	59.7204570961	71.4978030716	59.891	73.75
62816	35.418331	-77.857412	36.453094	-77.680514	89.7 mi	1 hour 22 mins	89.7089778188	85.3122865353	89.922	97.4666666667
62817	36.513883	-77.162201	36.235841	-76.577102	54.8 mi	1 hour 11 mins	50.8880104298	73.0233790596	49.245	81.6
62818	36.320306	-78.407757	36.493431	-77.842729	39.8 mi	51 mins	40.4066221882	51.2182039482	39.109	56.1833333333
62819	36.053436	-78.973591	36.111535	-80.825090	110 mi	1 hour 44 mins	110.334958318	106.945083357	110.564	116.516666667
62820	36.217862	-79.776802	35.712021	-78.368598	105 mi	1 hour 49 mins	111.866611788	116.426490713	115.323	136.25
62821	36.434335	-80.915666	35.482507	-82.804710	173 mi	2 hours 58 mins	173.084901657	180.244745502	173.911	198.333333333
62822	35.881874	-82.040490	36.046716	-81.902771	22.5 mi	36 mins	22.1987745408	35.0992276807	21.798	38.9833333333
62823	35.669060	-82.033544	35.924224	-82.170118	27.5 mi	41 mins	27.2367472826	41.7847173966	27.505	47.3333333333
62824	36.192799	-77.453868	35.534033	-77.359255	55.6 mi	1 hour 10 mins	59.1788151643	75.3262792618	61.838	84.8666666667
62825	36.082304	-78.953004	35.058159	-77.590176	130 mi	2 hours 18 mins	128.19896248	136.799636305	132.116	155.85
62826	35.696391	-81.753288	35.450865	-79.520316	150 mi	2 hours 36 mins	173.85975543	170.807975845	150.446	179.7
62827	35.270604	-79.727167	36.421049	-79.615229	88.4 mi	1 hour 24 mins	91.376264356	91.9448510465	88.868	93.1833333333
62828	35.822779	-78.890621	35.224546	-80.091952	103 mi	1 hour 52 mins	142.158243197	143.650473279	102.55	129.766666667
62829	35.867272	-77.516063	35.544155	-77.827954	35.4 mi	46 mins	34.6334973643	42.7790711726	34.485	56.2333333333
62830	35.537391	-82.858795	35.312828	-82.484694	37.6 mi	45 mins	35.127184679	43.9206203849	39.434	46.5833333333
62831	36.309345	-76.624541	35.059166	-83.809955	503 mi	7 hours 44 mins	507.470869074	482.156473129	500.7251	508.65
62832	35.354738	-79.930816	35.951845	-79.072252	101 mi	1 hour 38 mins	100.645749235	100.255836517	91.05	113.733333333
62833	35.943188	-80.401274	35.010938	-79.074369	124 mi	2 hours 19 mins	143.464400845	153.685985313	141.582	163.0
62834	36.029272	-77.904043	35.377639	-77.246237	75.1 mi	1 hour 19 mins	74.2483521775	80.8576712204	74.529	93.6166666667
62835	36.126067	-78.965920	36.540201	-76.809598	156 mi	2 hours 41 mins	162.960727627	164.763595405	164.671	187.783333333
62836	35.528410	-78.855584	36.349255	-79.115351	74.4 mi	1 hour 25 mins	77.8485443724	98.7109198041	77.683	106.45
62837	35.973598	-81.084689	35.950256	-81.080289	1.7 mi	2 mins	1.6784356125	4.05177042354	1.709	3.66666666667
62838	36.438425	-78.224323	35.869972	-76.296658	143 mi	2 hours 33 mins	169.88306756	175.5558173	145.304	178.733333333
62839	34.400233	-77.639523	35.031972	-78.399208	80.3 mi	1 hour 22 mins	79.2790199364	86.4853367656	86.121	99.25
62840	34.780265	-77.108338	35.561026	-76.252000	134 mi	2 hours 32 mins	134.62725842	154.91691618	137.232	177.716666667
62841	34.867057	-79.217973	36.015259	-77.875254	123 mi	1 hour 55 mins	122.390781238	115.90907166	123.861	133.016666667
62842	35.714413	-81.189028	35.325479	-81.621340	48.6 mi	1 hour 5 mins	50.3875948574	71.6147810049	49.97	71.6833333333
62843	36.136875	-78.732934	36.403884	-77.718159	70.1 mi	1 hour 17 mins	70.3611051124	77.3340327174	70.223	85.5666666667
62844	35.836487	-79.628499	36.154441	-79.695212	29.0 mi	32 mins	28.9800847295	33.4200711096	29.023	38.0
62845	35.822648	-79.530229	35.554136	-79.128584	39.3 mi	44 mins	41.7492766381	47.1210371727	43.009	57.9333333333
62846	35.267270	-79.076443	35.638462	-78.286810	73.1 mi	1 hour 17 mins	72.8485662402	83.3316215232	78.205	87.4333333333
62847	34.232654	-77.989879	34.566154	-78.097174	27.6 mi	30 mins	27.6043904033	30.3029868764	27.632	35.0
62848	35.368381	-76.957743	35.800600	-77.462098	50.0 mi	1 hour 1 min	48.9150489683	57.6545234849	54.049	72.9833333333
62849	35.332245	-80.593761	36.531368	-79.598600	116 mi	1 hour 56 mins	123.961617487	125.582565067	120.284	133.783333333
62850	35.806572	-81.306504	35.489158	-80.688849	62.1 mi	1 hour 11 mins	71.8335468052	80.4312509142	64.417	80.7833333333
62851	35.491461	-76.970252	35.046062	-83.781096	459 mi	7 hours 5 mins	462.489478946	442.424572768	455.788	462.866666667
62852	35.179095	-77.289737	35.887698	-79.044641	128 mi	2 hours 12 mins	127.77517754	136.173586145	128.224	146.533333333
62853	35.173791	-80.954444	36.082541	-78.992750	150 mi	2 hours 17 mins	150.027226848	140.046682228	150.291	150.883333333
62854	35.370130	-81.283831	36.515373	-81.104246	111 mi	2 hours 6 mins	120.442161795	126.188869182	112.286	139.266666667
62855	35.814467	-81.318925	36.015983	-82.154686	80.8 mi	1 hour 34 mins	80.9408017657	97.4086125063	80.266	101.3
62856	35.182051	-78.127071	35.289456	-77.881574	19.0 mi	28 mins	23.4163798383	31.0127154244	24.632	40.25
62857	35.087848	-78.762706	35.061485	-77.137422	118 mi	2 hours 10 mins	122.742426548	137.67063387	133.951	162.8
62858	36.032667	-82.003198	35.632614	-81.908337	42.9 mi	1 hour 0 mins	42.9375972731	61.7426227352	43.023	66.8166666667
62859	35.762848	-77.541917	36.141727	-78.765865	105 mi	1 hour 39 mins	103.16694611	104.306354017	98.442	118.566666667
62860	35.884478	-79.345638	35.593495	-80.586747	84.1 mi	1 hour 29 mins	93.6255904186	96.9231362301	95.316	110.883333333
62861	35.164323	-80.205960	35.285373	-79.107764	77.7 mi	1 hour 38 mins	76.5064012723	102.994956112	83.33	128.1
62862	35.021578	-80.800589	36.267511	-80.722120	102 mi	1 hour 42 mins	101.461251966	102.963102406	101.852	106.2
62863	36.073458	-78.560945	35.424993	-79.590353	96.3 mi	1 hour 42 mins	97.5487830024	110.755682044	97.742	114.966666667
62864	35.951012	-81.150297	36.541417	-81.530426	66.5 mi	1 hour 26 mins	60.2302519824	86.0656275253	65.592	95.8
62865	36.045245	-78.845160	35.995576	-78.348374	34.7 mi	47 mins	34.5562563588	45.8674118321	36.569	52.45
62866	35.333299	-82.423923	35.526475	-80.596830	126 mi	2 hours 7 mins	140.148946176	137.326073671	128.797	136.633333333
62867	35.939200	-81.309772	36.317832	-79.725961	107 mi	1 hour 56 mins	107.635958354	120.38445884	109.543	128.45
62868	35.904898	-82.382248	35.431341	-81.290156	102 mi	1 hour 54 mins	102.149312058	116.297541328	102.43	119.433333333
62869	35.425853	-78.250147	36.440498	-78.968053	98.1 mi	1 hour 48 mins	95.0914897648	115.475003977	98.577	125.516666667
62870	35.478307	-76.012115	35.065659	-76.643641	93.1 mi	2 hours 24 mins	98.3216999161	136.991450264	126.168	179.25
62871	35.975399	-79.042171	35.598389	-78.023625	87.5 mi	1 hour 24 mins	83.2499002195	85.1740561117	83.777	93.5333333333
62872	36.226039	-76.656459	36.520740	-76.983205	47.8 mi	55 mins	47.7818244392	55.5784956423	47.942	68.1333333333
62873	36.141493	-78.652740	36.528585	-79.109014	48.7 mi	1 hour 5 mins	56.8826360926	77.3841321729	56.208	85.9333333333
62874	36.058238	-82.029122	35.795642	-80.937570	88.1 mi	1 hour 48 mins	100.230781686	111.68134654	100.399	114.733333333
62875	36.442969	-81.457452	35.817735	-81.402213	67.3 mi	1 hour 28 mins	65.7141015865	89.6214409549	67.355	93.6166666667
62876	34.629339	-78.607452	35.435133	-78.637212	70.9 mi	1 hour 13 mins	74.2327871949	78.725215207	74.501	87.9666666667
62877	35.467564	-78.159140	35.428602	-80.119337	151 mi	2 hours 35 mins	181.092231696	175.830781915	147.95	171.283333333
62878	36.281479	-80.450330	35.838908	-80.837282	54.7 mi	1 hour 2 mins	59.9515613615	67.0621246739	61.855	71.7833333333
62879	35.800558	-77.603464	35.055057	-79.697191	168 mi	2 hours 40 mins	168.767857721	173.592200102	163.184	189.916666667
62880	34.564791	-78.583644	34.402752	-77.937184	50.4 mi	59 mins	47.5550967884	58.351825508	50.953	77.7666666667
62881	35.065305	-80.291907	35.664711	-82.120919	152 mi	2 hours 32 mins	150.880439406	151.479509241	142.48	162.9
62882	36.453069	-81.000552	35.623813	-80.278673	94.9 mi	1 hour 50 mins	94.7031483644	111.610447521	99.089	135.7
62883	35.305587	-82.477430	36.096324	-81.948520	84.7 mi	1 hour 52 mins	99.9491097863	117.973174025	87.472	115.966666667
62884	36.315264	-80.266073	35.785237	-78.130721	160 mi	2 hours 31 mins	157.241829102	155.251766153	154.414	170.6
62885	34.748897	-76.628068	34.486749	-77.828455	85.4 mi	1 hour 50 mins	97.245738874	123.857501302	97.541	128.983333333
62886	35.057968	-83.812243	35.308013	-83.136264	63.0 mi	1 hour 16 mins	66.4133544065	82.1113099177	63.973	85.5166666667
62887	35.911998	-77.594148	36.420320	-77.914677	55.1 mi	57 mins	56.4669981926	58.4728021557	57.119	74.0
62888	35.335180	-76.937394	35.808682	-79.085630	157 mi	2 hours 37 mins	163.775453185	162.24440711	164.037	181.6
62889	34.185013	-78.866493	35.793740	-79.550212	149 mi	2 hours 39 mins	156.42039873	166.809845069	147.765	178.05
62890	35.216869	-81.379195	35.831935	-82.676046	112 mi	1 hour 54 mins	125.315703766	123.126985192	113.23	123.683333333
62891	36.230925	-76.697380	36.466395	-76.034068	52.1 mi	1 hour 7 mins	52.3805854531	72.7346477659	60.822	88.5333333333
62892	34.994467	-78.941200	35.684404	-77.644497	101 mi	1 hour 38 mins	96.5671913307	98.7729060498	99.186	109.416666667
62893	35.616130	-82.064872	35.218401	-82.047929	36.7 mi	52 mins	39.4687026623	55.7846951168	49.668	65.4333333333
62894	35.854741	-77.910675	36.329983	-79.130459	109 mi	1 hour 52 mins	109.676984963	116.092535224	106.09	129.1
62895	35.047392	-80.319652	34.913632	-79.764109	39.7 mi	49 mins	36.9730922443	46.8628132362	36.909	55.2333333333
62896	35.165292	-81.159519	35.431225	-83.074194	137 mi	2 hours 21 mins	151.651367	152.507931483	137.942	149.733333333
62897	36.195286	-79.858621	36.222835	-81.925215	134 mi	2 hours 33 mins	134.098663491	152.654090785	132.049	157.783333333
62898	34.770075	-78.000495	36.304560	-78.403658	128 mi	2 hours 2 mins	127.085396698	126.165667995	124.817	134.116666667
62899	35.407871	-79.769481	34.980074	-78.438826	95.4 mi	1 hour 56 mins	111.85410726	135.022712226	101.847	128.65
62900	35.540769	-76.999898	36.240288	-76.613151	71.1 mi	1 hour 19 mins	69.8710813004	79.6887994784	72.974	92.1166666667
62901	34.400615	-78.337538	34.545294	-79.262433	67.3 mi	1 hour 10 mins	65.389151383	72.5573886969	65.426	86.2666666667
62902	34.141872	-78.821581	35.221290	-77.634053	121 mi	2 hours 21 mins	147.53221247	156.354110197	123.314	169.516666667
62903	35.832918	-77.999818	35.470450	-79.776952	131 mi	2 hours 6 mins	135.528378986	134.571864698	133.055	145.7
62904	35.812478	-80.983527	35.794833	-82.649566	119 mi	1 hour 53 mins	119.439596318	117.055983612	122.192	121.233333333
62905	36.278045	-81.571320	35.417671	-83.464547	160 mi	3 hours 6 mins	175.771087419	199.644611598	160.54	194.266666667
62906	36.499392	-81.086541	35.490076	-81.476701	113 mi	2 hours 4 mins	112.776057494	124.724047445	113.056	137.9
62907	35.309157	-80.913461	36.267583	-80.145594	97.1 mi	1 hour 34 mins	97.6597825776	98.506595238	96.712	98.9666666667
62908	35.297182	-82.113352	36.078747	-82.035070	72.9 mi	1 hour 39 mins	72.903332606	100.325309575	78.971	109.766666667
62909	33.912158	-78.488161	34.415912	-79.095266	59.7 mi	1 hour 11 mins	57.8375447793	70.680405951	68.169	93.55
62910	36.005462	-78.861614	35.301681	-79.731542	90.5 mi	1 hour 34 mins	110.019795771	100.800499489	109.583	106.466666667
62911	35.833617	-81.431439	35.420660	-80.332759	99.2 mi	1 hour 51 mins	98.8109434801	111.313071837	100.131	117.7
62912	35.895467	-78.043328	36.440498	-78.968053	79.1 mi	1 hour 41 mins	96.0031126662	106.669086087	93.333	114.966666667
62913	34.927497	-79.299329	36.514456	-79.786506	140 mi	2 hours 32 mins	143.396062087	156.53941271	141.807	173.583333333
62914	35.483383	-77.764868	35.642463	-76.208157	125 mi	2 hours 17 mins	136.116653487	141.3065321	136.265	157.15
62915	35.528410	-78.855584	35.606286	-77.476073	98.7 mi	1 hour 36 mins	99.5933858867	100.686977676	91.631	108.316666667
62916	36.360981	-78.561327	34.680524	-78.968954	150 mi	2 hours 22 mins	140.577103173	146.708438331	141.453	156.85
62917	35.960189	-81.084717	34.815735	-79.553942	161 mi	2 hours 42 mins	149.61308306	173.375870193	148.188	170.666666667
62918	36.423583	-80.067588	35.012133	-80.724643	130 mi	2 hours 14 mins	129.45713247	140.080191464	130.467	144.2
62919	35.539933	-77.703821	35.745192	-77.965286	26.3 mi	36 mins	24.999182496	34.7583102526	24.584	36.9666666667
62920	36.305967	-78.473054	34.915813	-79.757184	140 mi	2 hours 22 mins	148.07964396	152.61952837	143.876	159.583333333
62921	36.081340	-80.105558	35.659336	-81.163237	71.8 mi	1 hour 7 mins	71.8855075329	71.1591076048	71.92	75.9333333333
62922	35.124293	-77.839089	36.345828	-77.478823	119 mi	1 hour 57 mins	117.245291646	118.236892199	120.148	137.033333333
62923	36.117484	-78.310071	35.718135	-76.648902	116 mi	1 hour 57 mins	117.736254492	120.514550217	121.048	137.4
62924	35.489309	-79.780418	35.461100	-81.417491	119 mi	2 hours 16 mins	143.816637914	148.424647062	119.409	145.5
62925	35.311281	-80.904245	35.041868	-79.125433	128 mi	2 hours 31 mins	132.05990001	159.03388219	130.518	157.383333333
62926	35.094212	-78.573262	35.075740	-76.901743	117 mi	2 hours 10 mins	122.083148314	140.801443361	122.629	163.5
62927	35.523758	-82.413942	36.211768	-81.675410	85.7 mi	1 hour 46 mins	100.687132219	115.392240393	86.9	110.316666667
62928	35.416500	-83.465318	36.308360	-76.228860	476 mi	7 hours 11 mins	482.153338046	449.157557855	464.9539	469.05
62929	35.046710	-83.962222	35.831717	-82.534863	130 mi	2 hours 15 mins	129.818686895	138.984318614	130.369	148.366666667
62930	35.694169	-82.518377	36.037502	-81.924757	58.8 mi	1 hour 17 mins	59.8934012257	79.3959721782	61.941	89.3666666667
62931	36.141304	-77.599166	36.533509	-77.874991	46.6 mi	1 hour 2 mins	48.2849229115	65.6291806014	48.578	87.3833333333
62932	35.346504	-81.025891	35.955658	-81.198210	54.9 mi	1 hour 7 mins	54.7492166315	68.5802699107	54.976	72.9
62933	35.296751	-78.012249	36.441230	-76.314346	162 mi	2 hours 38 mins	176.71296308	169.476918974	177.425	183.4
62934	35.483960	-76.808750	35.562588	-77.189792	25.6 mi	32 mins	25.525953947	33.472450029	25.58	38.3666666667
62935	36.448547	-80.996945	35.903585	-82.424874	119 mi	2 hours 43 mins	163.197215056	177.044620049	120.694	166.6
62936	35.809962	-81.315064	35.254841	-80.645266	70.8 mi	1 hour 24 mins	81.7137445291	87.1093056602	78.557	90.8
62937	35.830596	-81.386029	35.753473	-80.498172	70.9 mi	1 hour 15 mins	69.3742981179	80.6551754424	67.015	90.1666666667
62938	35.765662	-77.487644	35.684404	-77.644497	16.5 mi	22 mins	15.46577139	19.6448346407	16.295	26.3666666667
62939	35.948070	-78.311026	35.675142	-78.037128	33.1 mi	36 mins	33.0836719356	40.6134068506	33.128	47.05
62940	36.217961	-81.059881	36.311130	-81.619017	41.4 mi	57 mins	47.8671555804	64.2443671719	47.963	69.0666666667
62941	35.718706	-79.544881	36.366592	-80.929837	111 mi	1 hour 50 mins	111.747339767	112.230085737	110.814	120.05
62942	34.744597	-76.819262	35.520605	-78.723294	136 mi	2 hours 28 mins	145.64391557	154.946996723	144.735	170.75
62943	35.244699	-80.647717	35.235416	-80.083651	43.7 mi	55 mins	43.5990543335	58.9327859546	43.765	65.5333333333
62944	35.822779	-78.890621	35.547569	-80.988818	156 mi	2 hours 29 mins	158.764141878	155.092638111	151.631	164.45
62945	35.295276	-80.634642	35.186173	-82.793731	149 mi	2 hours 32 mins	165.536949337	164.624869558	142.749	159.483333333
62946	34.789996	-77.129148	34.883133	-76.786681	36.7 mi	45 mins	43.7796128274	53.6572472239	46.104	65.2333333333
62947	35.924220	-80.523018	35.085888	-80.238276	79.2 mi	1 hour 43 mins	92.1159268361	111.431312018	85.135	125.966666667
62948	35.717815	-80.558105	35.425979	-79.521018	81.1 mi	1 hour 31 mins	81.561283467	94.2432786981	80.999	102.15
62949	35.067719	-77.018468	35.214481	-77.648284	41.3 mi	43 mins	41.2465081177	41.9329725147	41.673	48.9
62950	34.971873	-79.087206	34.952035	-79.272597	13.1 mi	19 mins	13.5228465535	21.872805681	12.601	31.3
62951	35.971376	-78.798663	34.920735	-79.905517	112 mi	1 hour 53 mins	118.174508989	125.891933674	117.156	137.483333333
62952	35.322474	-82.612486	36.338166	-80.649877	167 mi	2 hours 45 mins	176.475579977	173.709680405	169.268	179.25
62953	35.516508	-80.670250	35.397856	-79.611436	71.0 mi	1 hour 29 mins	94.8827147538	96.3062237152	70.824	107.4
62954	35.327495	-83.200413	35.105209	-82.907838	39.4 mi	1 hour 2 mins	39.2949262848	61.653384399	39.497	62.7333333333
62955	36.495718	-77.862344	34.604420	-78.227449	168 mi	2 hours 40 mins	158.425326275	160.937824129	167.338	195.633333333
62956	35.977879	-79.021982	36.389444	-78.857547	37.6 mi	50 mins	43.285371612	62.8127337424	44.589	68.7666666667
62957	36.108467	-77.036697	35.110255	-78.501981	157 mi	2 hours 27 mins	156.716842235	152.236975368	159.718	168.083333333
62958	34.385143	-77.642503	35.326391	-76.608665	111 mi	2 hours 24 mins	111.240987868	135.612463043	111.76	157.383333333
62959	35.241264	-77.617873	36.462331	-76.811640	105 mi	1 hour 57 mins	120.904835901	137.895391291	105.33	124.083333333
62960	36.017172	-76.838844	36.396480	-78.146522	95.9 mi	1 hour 53 mins	94.752494663	116.505791123	110.689	128.383333333
62961	36.028635	-79.461743	35.901947	-79.072976	29.9 mi	37 mins	29.8582543985	37.6566548348	29.932	43.7
62962	33.893870	-78.486171	35.212821	-76.991387	150 mi	2 hours 45 mins	149.659708893	173.423510364	150.093	180.033333333
62963	35.707716	-81.278469	35.390744	-80.262381	79.3 mi	1 hour 35 mins	96.3730519993	107.421707418	80.26	102.116666667
62964	35.643178	-79.368240	35.654567	-79.785324	35.0 mi	44 mins	33.9964049455	42.6656226741	34.553	45.9333333333
62965	35.368112	-81.324341	35.424206	-79.569796	116 mi	2 hours 12 mins	139.448184971	144.996041059	115.67	140.733333333
62966	36.230633	-80.980251	35.331981	-79.359987	130 mi	2 hours 15 mins	151.009856437	149.239603954	138.566	157.416666667
62967	35.788644	-77.487790	35.950765	-79.465408	147 mi	2 hours 15 mins	146.333320138	139.602909706	142.661	151.983333333
62968	35.124400	-77.694276	36.425714	-78.369437	125 mi	2 hours 12 mins	148.534727305	152.004054931	129.695	164.85
62969	35.370130	-81.283831	36.046822	-81.294779	64.3 mi	1 hour 14 mins	64.1800926259	74.2398459057	64.484	84.2166666667
62970	36.109601	-76.948440	35.707670	-77.951539	78.7 mi	1 hour 30 mins	97.0043248143	95.3044577616	98.291	105.883333333
62971	36.020147	-80.222572	35.257382	-79.440324	89.6 mi	1 hour 30 mins	89.542049193	92.006169399	92.879	103.766666667
62972	35.354781	-79.824487	35.461030	-81.277708	110 mi	2 hours 0 mins	143.251968401	145.590033778	104.762	122.566666667
62973	36.353765	-79.716739	36.311695	-80.349650	47.1 mi	1 hour 3 mins	48.3946918636	64.8435498723	47.404	72.0666666667
62974	35.802962	-78.891532	35.812412	-77.727844	85.1 mi	1 hour 27 mins	88.6036217919	86.1776350213	86.513	105.133333333
62975	35.351263	-79.195391	35.220222	-80.038033	60.4 mi	1 hour 14 mins	59.5787244488	79.0572821658	59.644	90.3666666667
62976	35.929965	-77.736676	35.879801	-79.150919	95.0 mi	1 hour 32 mins	95.0039459238	97.3875130256	95.069	102.75
62977	35.901264	-78.609179	36.359808	-77.012484	128 mi	2 hours 0 mins	130.472214369	128.609000554	129.315	136.183333333
62978	35.102849	-83.394430	35.947920	-82.143098	119 mi	2 hours 15 mins	119.57721394	136.857904544	119.635	145.483333333
62979	34.885597	-76.332932	35.136159	-78.053943	129 mi	2 hours 23 mins	133.057848333	150.241713613	128.917	174.15
62980	36.490110	-78.340570	35.013950	-78.604745	121 mi	2 hours 9 mins	128.131912905	135.959739235	128.791	145.816666667
62981	34.536057	-77.387536	34.735277	-79.537808	155 mi	2 hours 32 mins	154.951895995	157.527249099	155.771	179.133333333
62982	35.693770	-81.176627	35.031680	-80.687558	66.3 mi	1 hour 14 mins	66.6342503939	74.9691596441	61.348	77.1166666667
62983	35.599052	-82.957393	36.016308	-82.107988	89.4 mi	1 hour 45 mins	85.2274929357	108.32654531	89.603	115.583333333
62984	33.930806	-78.335161	35.573893	-78.576100	150 mi	2 hours 19 mins	153.914912445	149.947169139	149.877	164.566666667
62985	35.777253	-78.239912	35.580805	-77.613929	42.8 mi	42 mins	42.6913711922	42.7316616518	43.727	50.1833333333
62986	35.675421	-81.720071	36.498676	-80.454715	122 mi	2 hours 0 mins	129.161916337	122.662013764	123.425	130.466666667
62987	34.737912	-77.227842	35.319252	-77.605597	56.4 mi	1 hour 14 mins	57.8177110262	77.7446496461	65.395	86.1166666667
62988	34.151607	-77.880268	34.278900	-77.795117	12.6 mi	22 mins	12.5493858205	22.9602435486	12.686	22.0
62989	35.908190	-80.119218	34.894131	-78.960730	120 mi	2 hours 13 mins	124.633828083	138.203303578	123.222	143.133333333
62990	36.305582	-81.486759	35.346516	-82.475641	122 mi	2 hours 30 mins	153.963248124	169.933871745	115.407	148.966666667
62991	34.989239	-79.055362	36.401719	-79.655249	126 mi	2 hours 21 mins	127.823523373	143.621491301	126.1	154.583333333
62992	36.042407	-77.878987	36.373929	-78.296110	45.6 mi	58 mins	45.5046724756	56.6078008987	50.178	83.25
62993	36.032014	-78.551012	36.151503	-77.628333	67.7 mi	1 hour 16 mins	68.6685492551	82.5660433693	68.792	93.1
62994	35.908512	-81.137721	35.435266	-82.038389	82.2 mi	1 hour 29 mins	82.0720963871	89.3457444805	82.266	97.1
62995	35.832868	-77.318658	36.363217	-76.308826	84.0 mi	1 hour 21 mins	83.8963615477	82.8788907294	84.059	88.5166666667
62996	35.467826	-80.742003	34.810037	-79.514227	95.6 mi	1 hour 54 mins	108.413258839	122.370486906	112.264	132.016666667
62997	35.832730	-77.297624	34.569900	-77.399596	109 mi	2 hours 2 mins	108.269806606	124.899779758	108.791	136.15
62998	35.018268	-78.904140	36.232115	-77.096306	160 mi	2 hours 31 mins	157.663162588	147.462047421	158.287	156.233333333
62999	36.294199	-79.498359	36.425339	-78.972516	40.3 mi	52 mins	41.4902426684	51.5315676758	40.332	62.0166666667
63000	35.771613	-80.342542	35.291418	-81.238532	73.9 mi	1 hour 9 mins	73.8132089272	73.2146898298	74.135	73.6
63001	35.578997	-77.709564	36.357828	-78.298424	91.4 mi	1 hour 33 mins	90.7212912756	99.1307983166	89.365	110.866666667
63002	36.299234	-76.261810	36.503717	-76.828705	43.5 mi	51 mins	46.9262748447	52.5257600934	47.045	58.85
63003	35.554557	-77.031472	36.406551	-78.380929	119 mi	2 hours 8 mins	149.339446387	150.721351281	134.487	157.55
63004	35.580866	-78.477991	36.412877	-78.300557	71.2 mi	1 hour 19 mins	70.9841367844	82.2284997197	71.296	84.1666666667
63005	36.136793	-81.834220	35.283194	-81.855455	77.0 mi	1 hour 39 mins	76.1952565636	98.3657476974	77.097	103.766666667
63006	35.655569	-79.836230	35.656802	-81.974918	137 mi	2 hours 16 mins	160.610143586	149.979983979	136.672	149.7
63007	35.691617	-81.156514	36.203540	-80.581041	63.6 mi	1 hour 8 mins	67.6776640282	72.4723697096	66.154	80.1333333333
63008	36.426336	-77.052424	36.319225	-78.897209	115 mi	2 hours 13 mins	152.536870993	163.145929968	121.518	159.583333333
63009	35.090679	-77.145823	35.881399	-78.521387	119 mi	1 hour 58 mins	127.023878869	122.982635492	125.356	136.016666667
63010	36.313870	-79.407010	35.881666	-80.142455	58.1 mi	1 hour 4 mins	58.2863987128	64.3286025696	66.909	86.65
63011	34.174163	-78.690784	35.519810	-78.114423	126 mi	2 hours 13 mins	141.715839914	140.241932638	142.399	159.333333333
63012	35.586643	-79.121151	35.454562	-79.530021	37.2 mi	44 mins	37.1926900746	43.2859814475	39.406	52.8333333333
63013	34.991125	-77.896196	35.854722	-76.625233	115 mi	2 hours 10 mins	121.774639317	140.721872857	113.607	144.9
63014	35.702097	-76.108036	35.325396	-83.807429	507 mi	7 hours 52 mins	511.312545511	488.139301686	504.8081	521.416666667
63015	36.471509	-81.299341	36.348802	-81.371638	17.3 mi	32 mins	16.198107516	26.4036137578	19.38	33.6333333333
63016	36.280820	-80.405760	35.976582	-79.024011	93.2 mi	1 hour 31 mins	93.1674098393	94.2422422621	93.291	101.916666667
63017	34.925333	-78.883343	35.445772	-77.532368	99.7 mi	1 hour 52 mins	114.945218675	116.016118223	108.294	130.983333333
63018	35.275326	-80.719326	35.534880	-80.522230	25.7 mi	29 mins	25.7159537464	29.9020457689	25.728	31.0166666667
63019	35.654243	-82.084011	35.892539	-82.037761	22.9 mi	36 mins	22.8522456888	37.0818350785	22.973	40.6833333333
63020	34.924051	-78.022428	36.503719	-76.722266	151 mi	2 hours 47 mins	195.73718793	192.060990669	149.743	185.533333333
63021	35.301215	-82.158277	35.913237	-82.433845	71.3 mi	1 hour 10 mins	71.1550146503	72.7644638349	71.484	77.5833333333
63022	35.025279	-79.160124	34.815721	-79.552346	28.9 mi	35 mins	28.7685651758	34.7325930076	32.277	42.1
63023	36.384985	-81.454403	36.321056	-80.853062	50.6 mi	1 hour 16 mins	50.7116663807	68.6804263755	56.367	82.0833333333
63024	36.137780	-76.335405	35.059070	-76.880940	122 mi	2 hours 17 mins	121.959247775	138.442972899	126.842	155.766666667
63025	35.218411	-81.371494	36.511659	-80.586856	130 mi	2 hours 1 min	129.442726922	125.464859439	130.351	130.333333333
63026	35.895845	-77.771511	36.077888	-77.560115	23.0 mi	37 mins	24.2376043203	39.0952855416	26.045	48.5833333333
63027	36.222215	-79.800529	36.428824	-78.156477	118 mi	1 hour 58 mins	120.069200162	119.189510313	125.507	134.533333333
63028	35.982965	-77.001014	34.884329	-76.339967	136 mi	2 hours 34 mins	136.096007122	156.362617327	136.465	175.95
63029	36.477481	-79.292088	35.310245	-78.776688	104 mi	1 hour 56 mins	110.228705944	128.833391913	102.364	131.633333333
63030	36.121495	-78.747064	35.356019	-80.259857	130 mi	2 hours 5 mins	130.572496076	129.618123602	131.011	138.766666667
63031	34.997886	-80.328538	35.237933	-81.977589	117 mi	2 hours 8 mins	119.136752147	140.08787737	113.17	139.2
63032	35.845993	-75.641050	36.334365	-77.026078	115 mi	2 hours 1 min	113.298380361	124.648658253	116.717	133.283333333
63033	35.856161	-79.101984	35.357752	-79.858544	69.9 mi	1 hour 24 mins	79.1480494326	88.5137460619	79.293	93.5
63034	36.539688	-81.059178	35.809986	-80.924494	75.1 mi	1 hour 18 mins	66.079125779	77.1825456237	70.659	84.9666666667
63035	35.486734	-80.772296	35.669668	-79.667137	78.7 mi	1 hour 29 mins	84.4709795371	92.3315462773	79.361	102.433333333
63036	35.169866	-81.434382	35.041197	-83.224924	143 mi	2 hours 46 mins	159.531815567	178.866358857	140.422	168.85
63037	35.978836	-76.958115	35.311923	-78.254431	112 mi	1 hour 56 mins	120.82371419	120.603792969	112.852	131.25
63038	34.731027	-76.668175	35.984177	-77.756148	132 mi	2 hours 21 mins	129.709726314	148.491039018	141.41	158.1
63039	36.122830	-80.071066	34.801373	-78.469948	143 mi	2 hours 32 mins	147.034285899	156.927237978	144.114	169.683333333
63040	35.778606	-77.920152	36.246438	-76.325341	117 mi	1 hour 58 mins	122.164115371	122.811674455	117.765	133.75
63041	36.507056	-76.098350	35.206616	-83.359465	495 mi	7 hours 38 mins	497.23063515	480.800563394	492.855	497.4
63042	36.220255	-76.710223	36.443783	-76.795721	25.7 mi	33 mins	25.475586383	35.0758052243	25.425	43.2
63043	35.968591	-79.051250	36.203949	-77.031042	150 mi	2 hours 22 mins	150.137685302	147.199493343	153.874	167.816666667
63044	34.665993	-77.473194	34.312223	-77.740823	32.1 mi	38 mins	32.1031047567	36.2938759529	32.039	42.0166666667
63045	35.813819	-81.312045	35.110932	-83.103410	140 mi	2 hours 42 mins	156.614679321	170.612895685	139.88	167.433333333
63046	36.438696	-76.592316	35.627464	-78.127870	129 mi	2 hours 12 mins	145.470084947	145.339000112	137.558	148.9
63047	36.509832	-80.568618	35.436431	-79.551900	110 mi	1 hour 53 mins	114.121598103	119.885245484	110.534	123.283333333
63048	36.464080	-77.684822	35.805143	-77.859862	55.0 mi	56 mins	55.0566413316	57.6071570464	55.695	59.6
63049	35.313566	-78.030220	35.789996	-76.872841	99.6 mi	1 hour 40 mins	110.173784675	105.619000272	115.123	117.2
63050	36.458607	-80.766223	35.235441	-82.243647	152 mi	2 hours 33 mins	185.398291137	173.978715886	157.416	167.616666667
63051	36.088468	-78.564752	34.390199	-79.087964	142 mi	2 hours 24 mins	143.968134671	147.382839696	146.924	164.75
63052	34.111557	-78.838176	35.004998	-77.507950	124 mi	2 hours 18 mins	122.159541913	144.132249031	121.998	170.766666667
63053	35.934037	-75.693606	35.312384	-82.638789	456 mi	7 hours 3 mins	465.784224172	438.097545661	453.004	454.5
63054	35.817735	-81.402213	35.519543	-80.972166	39.8 mi	54 mins	41.9406180351	57.7481237093	42.666	65.2833333333
63055	35.163980	-79.965764	36.333204	-80.877380	115 mi	2 hours 13 mins	145.629980942	143.782244588	116.313	139.65
63056	36.063242	-78.541369	36.362874	-80.601171	143 mi	2 hours 22 mins	139.256293402	141.199547444	142.18	157.2
63057	35.909484	-82.543983	35.168779	-80.505571	179 mi	2 hours 53 mins	185.53085622	179.333955148	176.994	189.966666667
63058	35.920871	-80.535487	36.092992	-78.975028	101 mi	1 hour 35 mins	100.854481845	96.2227993569	99.301	108.516666667
63059	35.856234	-77.624068	36.104393	-76.251289	102 mi	1 hour 49 mins	102.181191363	116.911875068	102.29	127.883333333
63060	36.427089	-81.419290	35.536400	-80.667205	100 mi	1 hour 54 mins	102.3849328	116.101714511	110.835	129.35
63061	36.077888	-77.560115	35.899230	-79.357994	123 mi	2 hours 8 mins	123.028121658	131.145608281	126.986	151.733333333
63062	35.974384	-76.205647	35.409835	-83.363278	463 mi	7 hours 3 mins	467.340099206	442.824454475	460.449	463.566666667
63063	35.702076	-79.446312	35.949153	-80.435967	79.8 mi	1 hour 17 mins	79.7518630452	78.4535650703	79.943	89.5166666667
63064	36.342337	-75.953878	35.555803	-76.439670	104 mi	1 hour 58 mins	103.550130112	117.869401014	103.701	134.516666667
63065	35.757874	-77.512657	36.013402	-75.660786	129 mi	2 hours 10 mins	130.472818842	135.808441546	130.523	145.483333333
63066	35.246429	-77.303295	35.544722	-79.045875	119 mi	2 hours 19 mins	133.56673595	142.019041824	120.515	158.45
63067	35.023036	-80.801666	36.426274	-79.754797	140 mi	2 hours 16 mins	139.905047925	140.201892197	141.447	148.2
63068	36.171571	-78.252198	35.276234	-80.187528	147 mi	2 hours 46 mins	166.100998542	180.447721048	153.059	188.466666667
63069	35.287067	-77.313748	36.429751	-78.031971	121 mi	2 hours 6 mins	122.401561385	133.179172239	133.495	161.116666667
63070	35.811890	-78.050590	36.057903	-79.016435	71.3 mi	1 hour 11 mins	71.3313667115	74.4850712439	70.685	81.8333333333
63071	35.525564	-82.671285	35.807719	-81.310308	94.2 mi	1 hour 34 mins	92.7468589534	95.4305864164	92.156	101.35
63072	35.527334	-82.671347	36.062940	-75.712554	460 mi	7 hours 1 min	482.616978331	467.704852046	448.605	462.066666667
63073	36.157779	-79.658976	36.230955	-81.676860	128 mi	2 hours 10 mins	128.403323607	134.487401127	125.983	139.8
63074	35.265585	-80.047544	35.605180	-78.126357	144 mi	2 hours 27 mins	182.034924545	173.527306868	144.476	162.3
63075	35.791700	-78.783184	34.344711	-77.710021	135 mi	2 hours 0 mins	134.907918246	122.981367105	140.898	138.433333333
63076	35.719933	-81.544566	35.646593	-82.035399	31.0 mi	29 mins	30.9299670585	29.0742854495	31.048	30.45
63077	36.373695	-79.461986	35.645930	-80.984533	125 mi	2 hours 9 mins	130.949234414	134.005203961	123.586	146.95
63078	35.022371	-80.158563	35.576778	-78.252204	147 mi	2 hours 30 mins	164.14414369	158.163378807	144.076	165.5
63079	35.793018	-78.408820	35.335012	-80.231357	126 mi	2 hours 10 mins	156.828965331	155.128636436	125.877	145.383333333
63080	35.861382	-79.064896	34.986744	-80.093618	106 mi	1 hour 57 mins	106.526858567	124.094819459	110.675	138.033333333
63081	35.546451	-79.574292	35.221216	-81.338730	135 mi	2 hours 15 mins	148.02316835	148.459484242	122.51	147.466666667
63082	36.071196	-77.671043	35.449940	-77.667196	55.8 mi	1 hour 10 mins	53.0723352824	70.8383352588	53.735	80.45
63083	36.161524	-81.982330	35.718727	-79.803494	152 mi	2 hours 41 mins	159.330611871	170.799075886	155.482	169.15
63084	35.795911	-79.551425	35.566478	-77.344374	142 mi	2 hours 15 mins	156.813995129	147.288339597	143.316	156.85
63085	35.165648	-81.102744	36.495149	-79.877315	135 mi	2 hours 22 mins	133.791530852	144.991383832	138.042	154.666666667
63086	35.830951	-81.596245	36.383084	-79.653646	136 mi	2 hours 22 mins	146.977594179	148.4678453	135.796	155.85
63087	36.489850	-77.049062	36.532175	-76.991656	6.1 mi	11 mins	6.0106613371	9.0941726497	6.482	11.65
63088	35.409755	-77.569385	35.487939	-79.502979	142 mi	2 hours 22 mins	146.548829406	147.316503856	146.814	170.166666667
63089	36.037544	-78.935527	34.898427	-78.899829	103 mi	1 hour 33 mins	102.839951434	98.1628334929	103.177	103.766666667
63090	36.033898	-77.569847	35.733414	-76.130705	108 mi	1 hour 59 mins	109.064696314	118.849442163	107.678	134.45
63091	36.122201	-76.744329	36.504042	-76.866562	38.2 mi	53 mins	37.4418190015	49.4844824279	40.256	66.2666666667
63092	36.202988	-76.369110	35.904368	-76.319110	45.0 mi	53 mins	44.8029175271	47.8618232387	39.434	50.4
63093	34.150594	-78.127853	35.444943	-77.957473	114 mi	1 hour 49 mins	113.756116342	113.209620389	114.484	123.583333333
63094	36.401128	-78.392238	36.429626	-77.955716	28.1 mi	37 mins	29.2641895649	38.6345559883	28.087	42.55
63095	36.210351	-78.699206	35.436933	-79.168959	75.1 mi	1 hour 14 mins	78.8262225805	84.1147291404	77.26	92.2166666667
63096	35.459077	-79.782668	36.446538	-78.993632	107 mi	1 hour 49 mins	111.481027012	114.079572254	113.132	129.216666667
63097	36.197104	-79.823906	34.995219	-78.324867	152 mi	2 hours 29 mins	152.071611947	151.640743126	156.761	166.85
63098	35.019698	-78.672101	36.123695	-79.416192	100 mi	2 hours 2 mins	128.000047612	124.650610302	129.026	133.233333333
63099	35.155680	-83.570522	35.321767	-82.161987	118 mi	2 hours 6 mins	117.804226752	128.362321656	118.335	140.483333333
63100	36.515709	-79.470719	36.222416	-78.440490	74.6 mi	1 hour 35 mins	114.906446595	117.879483721	81.851	105.416666667
63101	36.265311	-78.400974	36.354493	-76.264957	143 mi	2 hours 47 mins	169.747629538	177.148745345	146.085	188.3
63102	36.202554	-79.891627	35.298614	-78.033232	148 mi	2 hours 31 mins	147.454483509	152.647251855	149.362	160.833333333
63103	35.154404	-78.106599	36.399384	-79.004181	120 mi	2 hours 0 mins	117.412502468	124.699302434	120.506	130.5
63104	34.781062	-77.070435	34.789537	-77.951266	62.7 mi	1 hour 20 mins	78.9474011354	87.7591495144	70.105	104.383333333
63105	33.920237	-78.301535	35.060595	-78.333240	99.5 mi	1 hour 47 mins	100.360422162	110.945320855	99.453	128.983333333
63106	36.441421	-76.295804	35.060524	-83.809995	495 mi	8 hours 8 mins	534.316638529	520.44890525	522.568	526.083333333
63107	33.921789	-78.593361	34.695071	-76.559439	167 mi	3 hours 10 mins	166.290956016	194.860832868	166.631	207.283333333
63108	35.527793	-80.668741	36.040913	-78.822933	122 mi	1 hour 52 mins	122.690487916	114.970837319	123.656	128.85
63109	35.994302	-78.350574	34.893490	-78.935353	98.6 mi	1 hour 40 mins	101.460822701	104.322134056	98.698	109.133333333
63110	36.103730	-78.904493	36.484451	-76.705582	149 mi	2 hours 51 mins	169.206106316	180.319084921	158.502	197.233333333
63111	35.079305	-83.893654	35.177734	-82.735936	95.9 mi	2 hours 20 mins	137.715214779	155.171668384	101.302	146.983333333
63112	34.354444	-78.286171	35.897877	-77.533529	145 mi	2 hours 32 mins	176.634163249	167.680104478	177.703	183.4
63113	36.293930	-80.310369	35.345425	-79.265850	106 mi	1 hour 49 mins	109.03701073	113.127546824	109.652	122.316666667
63114	35.597155	-82.399361	35.980836	-80.288118	134 mi	2 hours 7 mins	139.947311556	131.051832503	140.026	134.816666667
63115	35.206937	-79.870599	35.447402	-81.981031	148 mi	2 hours 39 mins	161.006583602	179.416203494	141.587	168.35
63116	35.794147	-81.541747	35.316396	-82.110337	56.3 mi	1 hour 9 mins	56.3933335401	69.5497752001	56.855	80.7333333333
63117	36.050192	-79.660868	36.066662	-81.867537	139 mi	2 hours 22 mins	138.882658974	144.998420831	139.223	149.266666667
63118	36.116141	-78.741460	35.430951	-77.969538	92.1 mi	1 hour 28 mins	91.981360814	91.3385158274	86.646	101.15
63119	35.780283	-79.483049	35.017285	-77.563970	157 mi	2 hours 29 mins	171.024727975	163.108757681	156.96	171.383333333
63120	36.343206	-78.100399	36.287278	-76.253215	148 mi	2 hours 24 mins	148.009062163	147.851060427	149.331	166.666666667
63121	35.478356	-80.067250	36.255620	-78.952977	107 mi	1 hour 50 mins	107.248980786	109.651176548	107.591	127.65
63122	35.155929	-81.091955	35.040944	-79.105974	139 mi	2 hours 40 mins	146.041270025	169.147935904	141.582	167.35
63123	34.771838	-78.173977	35.339967	-78.666147	51.7 mi	1 hour 3 mins	51.6475884299	65.1538055058	52.184	72.95
63124	35.585420	-77.010390	35.844958	-77.051597	20.6 mi	26 mins	22.9551336227	27.2849441603	20.498	33.15
63125	35.972435	-78.797075	35.365760	-77.382892	112 mi	1 hour 52 mins	119.020780836	117.969503318	112.792	130.933333333
63126	34.279891	-77.838246	35.385601	-79.240697	142 mi	2 hours 22 mins	172.05949314	153.970715863	147.573	162.8
63127	35.205493	-83.836718	36.474662	-76.040116	525 mi	8 hours 9 mins	533.0202413	518.442622114	514.6559	532.833333333
63128	34.740854	-76.811751	34.399690	-77.658680	70.0 mi	1 hour 21 mins	69.871046858	82.4098715984	70.872	87.65
63129	36.493751	-81.167181	35.284809	-79.978516	149 mi	2 hours 38 mins	157.818254461	167.060414806	139.566	176.216666667
63130	36.145580	-77.002265	36.261445	-78.414846	103 mi	2 hours 9 mins	135.037676902	140.396500233	134.809	152.416666667
63131	35.494738	-80.625916	35.172808	-81.172332	48.3 mi	55 mins	48.1787524033	56.5763521165	48.353	59.5666666667
63132	34.715011	-78.667721	36.496520	-78.901092	153 mi	2 hours 37 mins	149.611507341	164.081285005	152.615	182.233333333
63133	35.873861	-77.772784	35.468736	-79.148206	107 mi	1 hour 38 mins	106.713517019	103.444312057	106.819	113.966666667
63134	35.034027	-76.712432	35.869828	-76.449901	104 mi	1 hour 57 mins	103.842731277	119.056116509	104.212	139.933333333
63135	36.382974	-76.164069	36.291335	-76.146910	8.4 mi	14 mins	8.22331179483	12.111895898	8.364	15.5666666667
63136	35.354256	-81.346574	35.817948	-82.690711	114 mi	1 hour 57 mins	127.185080663	128.016890472	114.438	125.65
63137	35.908092	-78.600679	35.937306	-79.327927	46.9 mi	51 mins	46.8584430488	53.7728479534	61.785	70.2833333333
63138	33.899970	-78.442752	35.858990	-77.961009	173 mi	2 hours 41 mins	189.166584206	176.129125934	171.669	184.616666667
63139	35.465198	-78.158145	34.711334	-77.239867	92.8 mi	1 hour 43 mins	92.5537266715	106.062119759	90.91	122.883333333
63140	35.261811	-77.592638	35.111853	-78.580756	65.9 mi	1 hour 15 mins	70.8440144636	85.4399490367	72.147	103.783333333
63141	35.352670	-82.523342	35.676984	-82.022833	48.2 mi	59 mins	57.0939259646	62.2246602046	51.971	64.5
63142	35.317062	-78.569094	35.880687	-76.449637	155 mi	2 hours 19 mins	155.431509005	143.981865623	155.634	154.033333333
63143	36.057752	-80.071079	35.649769	-81.166630	76.4 mi	1 hour 15 mins	77.4152007334	78.4143266436	80.757	83.0666666667
63144	35.352255	-75.510529	35.862594	-76.629475	105 mi	2 hours 1 min	104.800325824	117.169203806	105.376	125.116666667
63145	35.668914	-81.388243	36.368655	-80.185697	95.3 mi	1 hour 41 mins	95.2686376707	101.071516872	98.992	106.866666667
63146	35.034952	-79.146208	34.477247	-78.149634	84.8 mi	1 hour 45 mins	89.5268946281	106.57712415	94.545	122.316666667
63147	34.420242	-78.378110	34.708100	-79.083410	51.9 mi	1 hour 0 mins	51.8733682624	59.3629155796	51.976	73.9333333333
63148	35.211512	-80.003816	35.643662	-77.914318	151 mi	2 hours 29 mins	160.337787858	166.736615843	151.371	176.483333333
63149	34.198377	-78.793606	34.956341	-79.004240	68.3 mi	1 hour 13 mins	68.3690516338	78.9808465571	69.094	94.35
63150	35.216251	-81.320918	35.992980	-82.257119	99.2 mi	2 hours 7 mins	123.050033713	133.868110504	104.778	146.6
63151	35.552711	-78.827775	35.508015	-78.465346	23.8 mi	32 mins	24.0430479497	32.715677046	24.042	43.4833333333
63152	34.988867	-79.058533	35.167079	-79.733107	53.6 mi	1 hour 8 mins	54.0642134393	73.1051548883	56.982	93.1166666667
63153	35.631236	-79.949190	36.525332	-80.640983	91.3 mi	1 hour 32 mins	91.1660948335	93.7757598725	91.964	96.8166666667
63154	34.964439	-76.937929	35.901685	-77.494470	86.7 mi	1 hour 31 mins	84.5023433048	98.9652625131	98.552	110.3
63155	35.407437	-80.713376	36.005076	-78.884874	127 mi	1 hour 52 mins	127.294341954	116.392807156	127.054	122.516666667
63156	36.040241	-78.905963	35.611007	-80.572831	111 mi	1 hour 40 mins	109.809089849	104.702926938	110.801	112.333333333
63157	36.140982	-81.885867	35.301976	-80.609210	136 mi	2 hours 33 mins	136.166059085	159.891111384	132.374	158.133333333
63158	35.687417	-81.288338	35.316940	-79.348571	134 mi	2 hours 23 mins	165.857425964	160.459772461	134.916	163.216666667
63159	35.288470	-78.035171	36.162924	-76.165472	158 mi	2 hours 44 mins	172.954582977	176.368057043	179.868	194.283333333
63160	35.277641	-83.402968	35.332960	-81.969087	118 mi	2 hours 2 mins	127.256595891	136.27378805	122.528	138.366666667
63161	35.317262	-81.047224	35.242718	-80.090586	70.3 mi	1 hour 34 mins	80.3319026731	98.1090172071	72.009	102.733333333
63162	35.176830	-83.348421	35.264370	-81.763533	129 mi	2 hours 6 mins	129.321745798	128.745753513	129.583	135.75
63163	35.303643	-79.752840	35.433607	-79.591351	16.8 mi	23 mins	19.4883071781	23.769542593	19.346	26.0833333333
63164	36.477294	-77.698434	35.002992	-77.505205	132 mi	2 hours 16 mins	140.457689637	139.328927907	137.378	160.75
