ODIndex	originLat	originLng	destinationLat	destinationLng	ArcGISMile	ArcGISMin
99864	36.220994	-78.396946	36.390778	-78.148934	23.5900840204	33.0311010042
99865	36.332885	-80.418645	35.655793	-79.830537	68.4442574143	70.8909815657
99866	35.099538	-77.323708	35.626541	-78.094779	71.3870260376	77.4909138462
99867	35.906098	-77.740028	35.912654	-77.875092	9.76564923753	18.4442007582
99868	35.313747	-78.701231	35.228894	-78.175329	33.0739983251	42.5605150264
99869	36.263562	-78.415012	35.458655	-79.230650	82.3176828348	88.658534412
99870	34.264300	-78.880915	35.877644	-78.858110	146.799295155	142.236694311
99871	35.805796	-77.068191	36.406238	-76.399084	75.8189869033	78.0500245144
99872	35.347971	-78.021546	35.107465	-75.986453	267.564376109	307.695959227
99873	35.022373	-80.113715	35.377532	-80.324182	34.3833502511	45.3161101588
99874	35.474234	-79.153142	36.336818	-80.334132	102.992154727	109.060447495
99875	36.296399	-76.130297	35.626541	-78.094779	153.276186412	152.183871871
99876	35.149969	-83.411035	35.106688	-76.641258	461.855279305	449.908830803
99877	35.608759	-82.172352	36.454063	-80.411228	156.961069182	146.638576789
99878	35.401831	-79.183961	35.389608	-79.778095	42.2552546539	53.369221303
99879	34.721503	-78.157778	35.107465	-75.986453	322.863942198	364.914628689
99880	35.214824	-81.331198	35.506819	-79.856650	124.211933206	121.650595879
99881	35.252277	-83.412117	35.308275	-83.823356	40.575866938	60.4572852736
99882	35.854705	-79.520903	36.527212	-77.883009	129.406467762	130.380805812
99883	35.539758	-77.708152	34.823219	-79.397271	135.064621846	150.539373109
99884	36.396665	-78.996916	34.391848	-79.085164	174.451770044	177.630951881
99885	35.379620	-77.702891	35.905662	-77.926621	56.0314662338	60.7772871854
99886	35.977993	-81.023271	35.751044	-81.055020	24.3718954587	31.2622896897
99887	35.708048	-81.180468	35.318016	-79.349688	159.161385319	153.698904649
99888	35.718788	-81.751879	35.809986	-80.924494	50.609242624	49.0262519087
99889	34.484561	-78.444568	36.201452	-77.542931	171.172280095	163.771249769
99890	36.132227	-78.118233	35.427238	-77.641381	73.8255961783	77.9033888601
99891	36.030368	-79.331936	36.414678	-80.965285	116.518436394	117.626020448
99892	34.860491	-79.373195	36.492057	-80.432242	171.440738289	169.89382487
99893	35.738943	-81.802437	36.484741	-80.633556	115.196249133	110.17956399
99894	35.906124	-81.072495	35.539646	-82.873496	122.563098249	129.436853302
99895	36.024076	-79.358499	34.560593	-78.900855	127.003123941	147.851637553
99896	35.408817	-79.903451	35.995492	-77.893279	141.088451229	143.382033783
99897	35.325449	-83.830644	36.017250	-81.881618	164.73074552	178.25971961
99898	36.101711	-76.918584	36.245040	-76.323356	44.7788632125	48.2893560417
99899	35.120133	-75.982711	35.962801	-76.239532	120.182875545	178.204333226
99900	35.963167	-82.313690	35.958049	-80.668004	125.268860633	140.781113292
99901	36.032757	-80.042516	35.838789	-80.765430	49.2949185636	49.9671408921
99902	35.011421	-78.909720	35.868208	-77.500988	117.250551385	106.421899264
99903	36.069393	-77.036145	36.454317	-77.683169	55.2142724922	73.6009010736
99904	35.210942	-83.361051	35.938007	-76.353247	463.244926172	436.718313175
99905	34.947345	-79.954652	36.180893	-80.605454	141.600580308	138.001590543
99906	36.306215	-78.399900	35.016138	-79.151531	122.078298311	134.17401274
99907	35.249820	-80.642445	35.502935	-80.738186	24.8418427702	30.5252614191
99908	34.599021	-78.645868	34.501799	-78.056476	44.331874108	49.1356073559
99909	36.058092	-78.522980	36.221094	-77.127763	107.988575041	113.482981393
99910	35.028420	-84.269885	35.329625	-83.795952	54.4155070985	63.5772542626
99911	34.970847	-80.686977	35.513567	-80.386122	64.2863180328	72.8436637361
99912	35.224476	-82.439421	35.245548	-80.893181	111.418282697	103.966017051
99913	36.509391	-80.633442	35.245336	-81.459655	129.828435974	123.501816147
99914	36.063771	-75.701976	36.199272	-76.271515	58.7442204849	75.197936254
99915	34.765741	-79.491789	35.333148	-77.945651	141.293938316	135.428699522
99916	35.538964	-81.449728	36.111010	-81.134942	58.778069352	79.9952428128
99917	35.173130	-80.955531	35.843703	-82.552043	147.446575838	143.445947548
99918	35.001701	-78.970098	34.975407	-79.200576	15.647666307	23.1154194479
99919	34.731297	-76.918365	35.084571	-77.047024	31.4190321909	41.3453259974
99920	35.174678	-83.927157	35.849042	-76.772225	471.062776797	443.545553028
99921	35.363770	-75.501920	35.554477	-82.809464	497.772821192	472.024370088
99922	35.512655	-83.099552	35.313810	-83.181178	32.854610767	42.9495341653
99923	35.166091	-83.435758	35.435111	-83.443944	38.8629360422	44.5724416931
99924	36.296399	-76.130297	36.236095	-76.327106	15.2053699071	22.5364896802
99925	35.595352	-82.435872	35.469842	-82.574147	19.0256955111	21.1014780921
99926	36.426274	-79.754797	36.321540	-80.074913	23.6905922441	33.6374345076
99927	36.498292	-76.056692	35.019052	-83.823824	543.083359271	527.786035913
99928	36.083229	-76.428443	36.243234	-76.320767	19.3706036025	27.8425223964
99929	35.991044	-79.292201	36.076207	-78.958377	30.7929822557	33.7346030422
99930	33.927268	-78.198014	34.121331	-77.895729	45.5032454554	56.5230414884
99931	36.444825	-80.411691	36.558812	-80.727518	31.9747289197	39.4791240689
99932	36.302789	-81.561823	36.202479	-81.614992	17.1817698394	28.8619244317
99933	35.360880	-83.199307	35.903508	-76.317942	445.162566245	410.462004796
99934	35.095438	-83.971936	35.108894	-84.052696	8.30990578238	13.7285965807
99935	36.047150	-78.771601	36.133283	-78.630111	12.6714726793	16.7378627565
99936	34.918321	-79.763451	34.972986	-79.744360	4.61340713658	8.93591859238
99937	35.798532	-76.807470	35.028555	-83.954401	478.253234056	455.400410598
99938	36.023729	-79.327576	36.088070	-79.429703	9.15095596121	12.8334311977
99939	35.272258	-78.922156	35.013938	-79.150359	28.3580160809	42.0471962216
99940	35.413193	-76.942942	35.030207	-83.959807	486.44406356	468.159082959
99941	35.451120	-83.436937	35.946212	-76.130382	474.929353105	446.24313646
99942	35.428213	-83.717383	36.090608	-76.385802	490.564852369	470.630811594
99943	35.261082	-75.524495	35.439041	-83.458052	552.29165565	531.916922911
99944	36.524783	-76.178317	35.321134	-83.800630	518.719463953	497.742293407
99945	35.908432	-75.670180	35.218772	-83.615656	529.825708904	509.080189598
99946	35.468964	-76.010310	35.114728	-83.397742	508.681533325	491.016050546
99947	35.588140	-75.462481	35.395696	-83.204591	510.040088951	482.802624312
99948	36.320030	-75.903668	35.171905	-83.317674	521.463706161	504.288150722
99949	35.195615	-84.154583	35.421761	-76.493315	537.157876881	533.353092315
99950	36.520943	-76.182525	35.469891	-82.875074	452.316613479	432.951259383
99951	36.352318	-76.597918	35.087135	-83.402860	487.446960751	460.846039287
99952	35.131167	-84.133944	36.476717	-76.041572	556.210737143	549.734415581
99953	35.917631	-76.549018	35.081165	-83.751906	487.246230325	465.579945628
99954	35.063008	-77.015893	35.322228	-83.794544	456.829852777	437.541200586
99955	36.355723	-76.150079	35.037076	-83.793906	524.54110175	500.343547669
99956	36.086443	-76.385340	35.446006	-83.374720	463.688922876	442.345645138
99957	36.342340	-76.655944	35.167903	-83.413538	480.528782272	450.858509336
99958	36.302938	-76.118160	35.027197	-83.766686	524.245266705	499.578202555
99959	35.435760	-83.082320	36.280830	-76.372245	451.020777135	418.395399965
99960	35.168234	-83.370421	35.919215	-76.602957	449.752156271	419.682557031
99961	35.444939	-80.219870	35.889685	-76.228278	286.349020359	267.077988045
99962	36.145819	-76.687064	36.540781	-78.035046	116.286083359	142.891001592
99963	35.878690	-78.222589	35.890600	-78.848589	53.3980679611	48.8283991581
99964	36.404242	-79.338214	36.204300	-80.845114	112.730331856	113.833050555
99965	36.252188	-79.169748	35.415739	-76.240146	221.601687895	223.53831971
99966	36.052442	-80.067328	34.956381	-78.895619	121.547147069	129.0214486
99967	35.028337	-83.707817	35.266663	-78.260157	393.995743816	372.791966065
99968	34.966495	-78.889332	36.523200	-79.692783	141.928358632	154.917559563
99969	35.636314	-82.066210	35.555089	-81.184408	63.1781590682	62.1213316971
99970	35.139198	-83.981589	34.998482	-77.551694	457.894922779	435.968468611
99971	36.170565	-80.180476	35.397760	-79.240067	86.7298464213	90.3506217056
99972	35.284091	-80.675755	35.546872	-80.658088	22.4779090037	26.0548780309
99973	35.292799	-82.537097	35.286136	-83.792643	119.193198702	138.489985128
99974	34.694772	-78.996935	34.644691	-79.289505	26.5726310356	32.5166156587
99975	35.967255	-78.163662	36.002713	-79.057598	72.2846516336	75.5673891787
99976	34.217960	-77.999264	35.969533	-79.261103	178.334880978	167.306324208
99977	35.857208	-77.088167	36.438860	-77.496830	59.4406749145	77.1888911077
99978	35.833194	-79.392009	35.182546	-78.557453	98.3303503712	105.983354091
99979	36.544483	-77.882228	35.331981	-79.359987	143.011139863	154.501952878
99980	35.874831	-81.475528	34.922580	-79.764979	146.486157142	161.715183225
99981	35.165329	-81.148179	36.239567	-81.924440	106.672549266	137.807044261
99982	35.010212	-78.909337	35.992232	-80.468634	139.146079838	143.072762269
99983	35.056516	-83.820930	36.507581	-76.724809	488.63116012	477.46873149
99984	36.240202	-75.871640	35.911181	-82.893552	497.544189837	485.005763302
99985	36.098486	-78.868400	36.121495	-78.747064	16.4039520701	19.7365059136
99986	34.687957	-76.535134	35.433833	-83.361052	472.123955799	460.247976788
99987	35.427571	-77.978931	35.450989	-77.597893	27.0322225347	34.3130759408
99988	35.381293	-83.196722	35.904990	-76.319970	443.715833322	408.050853115
99989	35.803945	-79.250801	35.838489	-80.549846	98.8840833249	98.3359071745
99990	35.630639	-80.704257	35.471697	-76.074071	322.192612959	310.633482006
99991	36.014184	-79.314990	36.054047	-78.104199	97.8663456315	103.10142425
99992	36.368655	-80.185697	35.972414	-82.268058	168.934860455	184.491937071
99993	35.932714	-76.803068	35.249613	-80.647264	287.388053064	266.481930326
99994	35.992185	-78.813761	35.553549	-82.931810	254.246436853	238.99977876
99995	35.497036	-82.939147	35.188566	-78.568218	324.16075305	306.37033913
99996	36.336376	-77.204647	35.113070	-76.644368	114.895614878	133.747008813
99997	34.291441	-77.809945	34.810160	-77.460079	48.0777525966	59.2880401558
99998	35.202092	-78.343983	36.001747	-82.399245	309.810349935	305.916615091
99999	35.190423	-83.319117	35.940038	-82.403287	100.072820187	109.430412839
100000	34.829058	-79.594918	36.522630	-78.244535	161.645117103	175.07690139
