ODIndex	originLat	originLng	destinationLat	destinationLng	GoogleMile	GoogleMin	ArcGISMile	ArcGISMin	OSMMile	OSMMin
67047	35.287678	-76.768365	35.546211	-76.191973	68.6 mi	1 hour 52 mins	62.4337698683	92.115287867	68.653	117.15
67048	36.158948	-80.359772	36.161096	-79.819744	39.9 mi	53 mins	40.7678314617	53.5704754065	40.301	58.35
67049	35.975598	-78.826742	36.162765	-78.550789	25.8 mi	36 mins	26.6539035051	34.8692141832	26.754	41.0333333333
67050	35.856841	-78.318653	35.938897	-78.240486	10.0 mi	14 mins	11.2151918524	14.6542714427	10.027	18.6166666667
67051	35.231757	-82.695778	35.219106	-82.735472	4.0 mi	10 mins	3.95736444972	9.0212002881	3.952	14.1166666667
67052	35.891415	-81.514152	35.384116	-81.091274	48.4 mi	57 mins	46.9410702706	55.6784594985	47.04	59.3
67053	35.288787	-78.037686	35.480755	-78.377133	32.5 mi	40 mins	32.7491592955	39.4473551778	32.561	41.3166666667
67054	35.313566	-78.030220	35.662938	-78.054644	34.4 mi	37 mins	31.3482258747	37.2477395095	34.513	45.8166666667
67055	35.230819	-75.630793	35.507873	-76.447608	135 mi	2 hours 35 mins	135.050433019	157.392839384	135.456	172.733333333
67056	36.262491	-76.741680	35.052714	-83.819264	492 mi	7 hours 36 mins	496.887969767	473.253252675	490.196	498.866666667
67057	35.903855	-77.723560	35.581441	-77.932390	31.0 mi	40 mins	44.7350737257	49.9748244751	36.441	57.85
67058	35.715171	-80.583534	36.139918	-80.468877	35.8 mi	47 mins	44.0433046799	53.8399887481	62.504	69.1
67059	35.177660	-83.156475	35.835365	-82.568227	92.4 mi	1 hour 55 mins	96.1933950056	119.73116674	95.997	126.633333333
67060	36.032748	-80.043865	35.621886	-80.285892	56.1 mi	59 mins	49.6142841182	58.5719777256	50.305	79.9666666667
67061	36.291185	-78.620982	36.454614	-78.405671	20.6 mi	31 mins	24.2444510119	34.8605900164	24.507	35.1333333333
67062	35.654842	-81.172140	35.701620	-80.434806	51.0 mi	1 hour 2 mins	56.2771852612	66.2520636095	55.942	69.2
67063	35.555516	-78.547820	36.343385	-78.755249	62.7 mi	1 hour 18 mins	77.7024273361	93.5922163554	71.235	90.9666666667
67064	36.082560	-76.598572	35.376156	-83.694400	465 mi	7 hours 0 mins	469.139560783	435.404813627	465.003	457.85
67065	35.833075	-78.443617	36.518765	-78.308196	54.4 mi	1 hour 5 mins	58.275133641	65.4040310248	58.66	73.05
67066	36.447091	-78.902429	36.305719	-79.027481	13.6 mi	20 mins	13.5415817311	20.0376693441	13.582	22.4666666667
67067	34.974657	-78.916052	35.433725	-79.589417	60.2 mi	1 hour 16 mins	60.0311734524	78.5973766898	62.961	83.5333333333
67068	35.523674	-80.971723	35.317574	-81.049479	21.2 mi	32 mins	20.8900268758	33.1242234241	21.224	40.5333333333
67069	35.576742	-78.865475	36.151852	-78.366597	59.3 mi	1 hour 13 mins	59.3056045553	85.6217472249	56.54	87.25
67070	35.370542	-83.690906	35.768674	-76.807357	445 mi	6 hours 48 mins	448.977988183	421.72927892	433.7759	449.766666667
67071	36.023768	-76.582884	35.024037	-84.222733	511 mi	7 hours 55 mins	513.958328047	494.546930035	513.977	518.3
67072	35.069270	-80.259926	35.521966	-80.927712	73.5 mi	1 hour 25 mins	77.344620428	83.0212073978	69.569	98.7166666667
67073	35.551390	-77.427232	36.106094	-76.930222	58.6 mi	1 hour 11 mins	58.6430590949	72.9574346873	66.738	84.0666666667
67074	35.577200	-78.145952	35.010195	-77.565268	72.8 mi	1 hour 18 mins	72.599607065	78.3103344006	70.316	99.8166666667
67075	34.718913	-76.683721	35.118516	-76.632909	65.4 mi	1 hour 24 mins	45.1287609926	73.157173418	65.692	97.1833333333
67076	36.005697	-78.478835	35.239701	-78.880545	64.6 mi	1 hour 30 mins	86.3962390015	95.4454530326	89.72	105.25
67077	35.446757	-79.172168	34.686978	-79.237636	68.9 mi	1 hour 16 mins	72.0542469939	80.5202194446	74.292	95.75
67078	35.978410	-82.175511	35.239410	-81.988043	66.6 mi	1 hour 31 mins	66.4615586192	99.4512949394	70.399	107.8
67079	36.184044	-81.843339	35.496026	-81.521523	68.2 mi	1 hour 34 mins	89.8919991111	109.464158168	68.368	105.166666667
67080	35.853206	-77.691228	35.807689	-77.067215	40.1 mi	39 mins	41.7282416011	42.5101852596	42.086	47.45
67081	35.806588	-81.306562	35.706925	-81.914724	44.4 mi	50 mins	44.4210340178	49.7709482935	43.432	52.7666666667
67082	35.802248	-79.776572	36.105794	-78.935630	61.1 mi	1 hour 15 mins	75.8115500361	75.2636114583	73.7	86.0
67083	35.944201	-76.308938	35.413940	-83.447754	471 mi	7 hours 8 mins	475.334093521	447.448732815	468.444	460.7
67084	36.453069	-81.000552	35.792828	-81.361200	90.5 mi	1 hour 32 mins	90.2358349322	97.0262380296	90.603	104.4
67085	35.652898	-81.199168	35.282233	-81.798336	53.5 mi	1 hour 14 mins	56.6143866067	76.2644315409	58.544	78.9
67086	35.490596	-77.807666	35.782562	-77.051958	55.9 mi	1 hour 9 mins	64.436972854	75.3370747742	69.964	83.2833333333
67087	35.080035	-83.752834	36.351405	-76.599123	476 mi	7 hours 54 mins	511.174333332	487.721485565	479.05	524.733333333
67088	35.856160	-78.641249	36.072667	-78.376901	26.1 mi	38 mins	28.8247723754	40.3852223473	28.971	40.6333333333
67089	35.302428	-82.517181	35.668116	-82.036202	55.4 mi	1 hour 9 mins	62.4925779266	70.1490969552	57.163	74.2833333333
67090	35.236099	-78.203591	35.706570	-77.992532	42.9 mi	46 mins	44.0727025534	48.6435749124	47.94	56.05
67091	36.538528	-80.751847	36.096463	-80.916072	42.1 mi	48 mins	40.7378719585	50.6281095605	42.465	60.7333333333
67092	35.381134	-79.895402	35.354279	-79.923005	3.8 mi	9 mins	3.43891871419	7.95627249685	3.739	9.38333333333
67093	36.282118	-77.694049	36.525867	-77.844041	33.1 mi	39 mins	33.0087206548	34.9427748007	33.154	44.95
67094	36.465826	-81.087606	36.221634	-80.583012	41.0 mi	54 mins	40.8310795607	53.8972169098	42.811	62.3833333333
67095	34.696415	-77.944119	34.893740	-78.308030	34.8 mi	42 mins	33.9753033544	44.5538542175	34.926	54.7833333333
67096	35.428545	-80.982993	36.277921	-81.139548	84.2 mi	1 hour 31 mins	87.9475442952	98.4055733389	87.907	104.35
67097	36.091147	-81.938531	35.678069	-82.022298	35.0 mi	45 mins	34.6080436512	46.4707239287	35.127	48.3666666667
67098	35.370163	-82.516277	35.261115	-75.545279	498 mi	7 hours 53 mins	509.479912529	490.945912746	487.038	518.1
67099	35.959921	-76.086678	36.297986	-76.240640	63.2 mi	1 hour 15 mins	63.3642045092	76.5023905451	63.343	86.55
67100	35.463678	-82.528906	35.986192	-81.943005	62.9 mi	1 hour 17 mins	66.4849982712	79.0553565258	63.212	80.7333333333
67101	35.715613	-81.802431	35.375384	-81.243265	59.0 mi	1 hour 1 min	58.6056716304	58.2111642623	56.928	71.1
67102	35.467776	-79.189126	35.211512	-80.003816	59.0 mi	1 hour 10 mins	59.9119596726	73.6401957303	59.021	80.2666666667
67103	36.178047	-76.935949	36.200455	-76.761217	11.0 mi	19 mins	11.0461852261	19.1471737287	10.974	24.7833333333
67104	34.502786	-78.599797	35.155975	-78.632525	61.8 mi	1 hour 9 mins	63.9186722274	70.3812972087	64.082	80.9
67105	34.746929	-77.993452	35.447548	-77.891046	65.0 mi	1 hour 5 mins	64.4664494854	66.1262913535	61.584	75.7166666667
67106	36.500967	-77.888052	36.416921	-78.347366	32.7 mi	41 mins	32.6529696504	45.5892660743	34.829	52.1833333333
67107	35.582536	-77.088360	36.230326	-76.698014	70.3 mi	1 hour 20 mins	68.4165197245	81.153791663	70.381	93.0
67108	36.264890	-79.477564	36.083830	-78.991651	42.4 mi	54 mins	46.7945995782	59.829655604	46.993	65.5
67109	36.128142	-80.365494	36.189135	-79.863350	40.3 mi	48 mins	40.2634906771	47.3771610711	37.457	54.9666666667
67110	34.711011	-76.631929	35.323535	-83.792023	491 mi	7 hours 45 mins	494.562926523	483.053016848	505.7661	523.166666667
67111	35.483889	-80.767369	35.275337	-80.807792	19.9 mi	26 mins	19.7983505639	24.4896042423	24.963	34.5
67112	35.042906	-79.119848	34.775566	-79.534166	34.7 mi	43 mins	34.168015951	42.5521738284	34.306	46.6166666667
67113	35.206850	-82.022250	35.234256	-82.735444	56.7 mi	1 hour 4 mins	59.6114547471	69.1040859833	53.856	70.9
67114	34.297603	-78.725325	34.957646	-79.028722	68.3 mi	1 hour 7 mins	72.1152529435	76.2986409708	72.443	87.2166666667
67115	36.320358	-78.491923	36.043692	-77.880686	51.1 mi	1 hour 6 mins	55.2228769991	64.0702103761	58.421	86.7666666667
67116	35.295977	-76.880450	35.723808	-77.122174	36.9 mi	45 mins	38.9539638758	46.2583730669	36.949	60.45
67117	35.973008	-81.574535	35.875279	-81.087961	33.0 mi	39 mins	33.2510668605	42.5645757062	33.101	46.3166666667
67118	35.534171	-77.086425	35.035373	-83.833389	456 mi	7 hours 1 min	460.316596227	437.005332934	453.514	455.133333333
67119	36.473175	-80.990132	35.983938	-80.426646	62.0 mi	1 hour 11 mins	63.4520232809	72.9455739736	67.578	80.8833333333
67120	35.696649	-81.905143	36.227920	-81.437869	76.2 mi	1 hour 37 mins	78.8592234185	105.480352308	76.262	103.333333333
67121	35.552695	-78.926594	36.438665	-78.995487	73.2 mi	1 hour 26 mins	79.9961503279	97.7470890002	75.541	99.5833333333
67122	35.788138	-81.293363	35.212588	-81.370881	53.2 mi	56 mins	53.0626226478	56.9408950002	56.141	63.65
67123	35.662502	-77.020602	35.045726	-77.351808	59.6 mi	1 hour 3 mins	61.9994196877	66.0207951945	63.438	73.3666666667
67124	36.066632	-79.499123	35.599911	-79.081568	45.0 mi	54 mins	44.8972834136	53.2800745737	73.659	73.8333333333
67125	35.679783	-81.340356	35.928498	-82.087012	64.5 mi	1 hour 10 mins	72.2257083425	78.8985921163	64.913	76.2333333333
67126	35.667224	-81.315876	35.329821	-80.772230	50.2 mi	1 hour 1 min	61.6568606927	64.133334464	62.66	66.4833333333
67127	34.709703	-78.745529	34.847182	-78.885110	14.0 mi	16 mins	15.0751576285	18.4957436915	14	20.4166666667
67128	35.361186	-81.096991	36.133336	-80.680111	76.1 mi	1 hour 20 mins	83.6099826229	85.0736490575	84.173	91.4166666667
67129	35.725896	-81.257365	36.184752	-80.665695	61.7 mi	1 hour 2 mins	61.7656143924	63.322301204	62.575	69.0
67130	36.325863	-75.899936	36.325918	-76.499541	46.5 mi	56 mins	46.5180919546	67.7167410503	49.762	71.4333333333
67131	35.872043	-78.279740	35.510865	-78.246116	28.8 mi	36 mins	29.0402335942	37.289114419	30.234	47.7333333333
67132	36.178876	-79.864642	35.348637	-79.896911	62.6 mi	1 hour 13 mins	66.9080109008	72.0032914885	69.352	78.7666666667
67133	35.907695	-81.512560	35.286860	-81.803496	57.7 mi	1 hour 16 mins	62.2657261494	82.1821459075	61.43	85.2833333333
67134	35.332189	-83.423708	36.365385	-76.169881	491 mi	7 hours 37 mins	508.640092178	500.16463288	479.7889	500.7
67135	35.435898	-82.516730	35.900544	-82.853135	51.6 mi	1 hour 0 mins	51.4880361924	62.3071910486	51.665	65.65
67136	36.044141	-78.448740	35.872917	-78.222813	25.6 mi	30 mins	25.5157661816	31.8123605622	25.671	41.05
67137	36.456105	-81.268920	36.107591	-81.954499	66.9 mi	1 hour 39 mins	65.6069437078	92.4479034214	67.58	94.6666666667
67138	36.244264	-75.866340	35.544417	-76.226555	99.7 mi	1 hour 53 mins	99.4986244194	114.290368166	99.802	131.966666667
67139	36.170889	-76.456308	35.075646	-83.839487	501 mi	7 hours 45 mins	504.742169701	481.552861721	497.975	505.6
67140	36.136037	-76.907601	35.042768	-83.635380	468 mi	7 hours 12 mins	470.065464516	446.997239136	465.099	472.133333333
67141	35.810363	-80.322931	35.750596	-80.510317	19.6 mi	27 mins	22.348018123	30.7756138075	22.384	31.1166666667
67142	35.203000	-83.812643	35.254843	-75.600712	582 mi	9 hours 15 mins	585.942487082	572.653505561	571.04	599.166666667
67143	35.583456	-77.081185	35.510968	-77.409300	24.1 mi	36 mins	26.0004740443	34.7989823817	26.477	35.9833333333
67144	36.007664	-81.107820	36.196457	-81.305194	29.7 mi	43 mins	24.5348401219	43.5893458969	24.632	54.9833333333
67145	35.012803	-79.075613	35.242297	-78.214744	58.6 mi	1 hour 11 mins	57.7732110766	73.3645782938	56.732	81.0833333333
67146	34.732938	-78.474581	34.289510	-78.796375	44.6 mi	54 mins	43.3055478816	56.3926131901	44.685	67.0666666667
67147	36.379767	-81.507797	35.989193	-81.579167	43.6 mi	1 hour 0 mins	41.8991146874	57.6594451562	44.976	59.9333333333
67148	35.579357	-81.888687	36.171214	-81.717518	62.9 mi	1 hour 25 mins	59.5305941312	85.8874665541	59.628	91.8166666667
67149	35.478804	-76.860859	36.084663	-76.394290	78.8 mi	1 hour 29 mins	78.754243014	98.7619471414	72.615	122.083333333
67150	35.425229	-83.478633	36.277965	-76.364943	471 mi	7 hours 10 mins	480.090887275	451.216353191	462.929	473.716666667
67151	35.800069	-78.223156	35.233162	-78.416611	49.0 mi	1 hour 0 mins	62.0323256188	62.1487609692	63.628	71.6833333333
67152	36.438915	-80.051872	36.536653	-79.209920	60.7 mi	1 hour 13 mins	63.1218323622	75.3674973746	60.775	79.9
67153	35.660158	-81.136291	36.390651	-81.365420	65.1 mi	1 hour 33 mins	66.2278568854	94.5049025427	68.05	103.45
67154	35.329496	-82.410785	35.890868	-82.039604	72.4 mi	1 hour 23 mins	75.9548544143	87.1261038972	66.708	88.3
67155	36.253540	-77.011576	35.544612	-77.383732	64.5 mi	1 hour 16 mins	63.1816452365	77.7034019715	65.14	84.7
67156	35.015710	-78.906218	34.920542	-79.767702	62.3 mi	1 hour 15 mins	64.5933849341	78.3351977813	62.709	80.0166666667
67157	35.840190	-77.494302	35.695191	-77.870921	30.4 mi	38 mins	30.1673535981	37.0847881269	29.917	48.3166666667
67158	35.023249	-83.861489	36.522113	-76.967671	458 mi	7 hours 29 mins	480.857644634	461.863708779	477.306	488.266666667
67159	35.065445	-83.012932	35.214397	-75.678781	545 mi	8 hours 59 mins	566.844486478	572.468879429	534.123	577.366666667
67160	36.521670	-80.930703	35.741068	-81.249363	89.7 mi	1 hour 30 mins	89.5069970025	89.396499897	89.45	98.4833333333
67161	34.913825	-79.822728	35.247401	-80.100078	38.3 mi	49 mins	37.9323395127	47.4184881242	38.228	57.65
67162	35.983965	-76.957058	35.713141	-76.986113	24.0 mi	31 mins	25.6598659261	32.282577167	31.541	38.5833333333
67163	35.514766	-81.604016	35.289265	-81.903696	31.8 mi	43 mins	32.6445614499	42.2013835829	41.014	55.2666666667
67164	36.082169	-79.073942	35.353827	-79.340328	74.0 mi	1 hour 11 mins	73.871655527	75.223350385	74.1	78.9666666667
67165	35.334160	-83.191454	35.322959	-83.839382	54.4 mi	1 hour 7 mins	54.1795965433	65.5658688837	53.903	76.0666666667
67166	36.196378	-77.259002	35.787251	-77.487607	40.7 mi	52 mins	40.5936147496	50.4000388878	42.203	59.9166666667
67167	35.874236	-81.091014	35.429108	-80.701126	50.4 mi	59 mins	52.4390298891	61.3128052489	47.536	60.2666666667
67168	35.856148	-79.485289	35.300830	-79.079750	52.9 mi	57 mins	54.0811028617	62.4774594381	57.856	75.45
67169	35.948337	-78.313375	36.288708	-78.320762	27.7 mi	37 mins	26.6388660592	40.4008886482	29.766	50.0666666667
67170	34.740415	-77.085798	35.315753	-77.651903	57.7 mi	1 hour 7 mins	59.0994605033	68.3223170343	62.176	79.8166666667
67171	35.246106	-82.329185	35.610190	-81.788260	50.6 mi	59 mins	53.0141935656	59.9364797633	53.107	64.4166666667
67172	35.953845	-80.453227	35.446814	-80.973557	64.7 mi	1 hour 8 mins	63.6032832603	72.2686822763	66.286	78.0666666667
67173	35.653313	-81.074111	35.653823	-81.364775	21.4 mi	34 mins	21.2484195477	35.0788698188	27.827	45.2333333333
67174	35.049392	-79.136659	34.955539	-78.431828	44.0 mi	58 mins	46.3687355324	63.6145580741	45.587	63.2166666667
67175	35.586151	-77.090157	35.083516	-84.049403	459 mi	7 hours 4 mins	463.360496451	440.063136568	462.729	468.25
67176	35.138336	-79.851317	35.444443	-80.262016	37.0 mi	49 mins	38.8887218914	52.4133596179	38.968	60.95
67177	35.509940	-75.998905	35.096762	-82.816819	467 mi	7 hours 31 mins	482.658268947	470.092006711	466.554	489.666666667
67178	35.301976	-80.609210	35.222068	-80.043824	43.8 mi	54 mins	41.1544331275	56.0455156697	45.625	65.6666666667
67179	35.370120	-82.000797	35.462898	-81.979695	9.1 mi	14 mins	7.43129102487	12.9323021135	7.475	17.35
67180	34.910781	-78.344796	35.181652	-77.954034	35.5 mi	43 mins	35.5007125917	43.1478158671	43.295	56.8
67181	35.416877	-80.352148	35.896060	-80.376992	52.7 mi	1 hour 9 mins	58.3727511465	72.2154345286	59.972	82.85
67182	35.575883	-79.879690	35.342725	-79.119070	58.0 mi	1 hour 16 mins	57.496380351	81.8826511979	67.979	97.0166666667
67183	36.255106	-80.647597	35.921492	-80.397309	36.8 mi	47 mins	39.0298226049	52.0263736282	43.484	63.8666666667
67184	35.138452	-84.122967	35.827463	-76.773426	485 mi	7 hours 34 mins	486.413955224	466.739307101	471.5629	497.183333333
67185	35.333652	-83.209216	35.857616	-76.415859	442 mi	6 hours 42 mins	445.66407787	415.631791005	430.761	438.5
67186	35.572990	-79.981446	35.502060	-80.274588	20.6 mi	27 mins	21.9563326424	31.5535368265	23.067	37.15
67187	35.542477	-82.873272	35.249198	-82.274453	51.0 mi	57 mins	47.1629370566	51.0311101372	49.416	55.0
67188	34.926950	-77.581269	35.180455	-76.968034	54.7 mi	1 hour 5 mins	58.3536720941	67.2194114482	58.718	88.2833333333
67189	35.093870	-83.913861	35.436191	-83.359938	52.0 mi	1 hour 3 mins	52.1669326177	64.8921295174	52.693	69.45
67190	35.019483	-83.638583	36.351530	-76.177633	512 mi	7 hours 57 mins	532.991288381	523.928967388	500.7479	518.816666667
67191	36.045691	-79.663693	35.969533	-79.261103	26.6 mi	29 mins	26.7295965111	29.5378513072	26.663	32.3333333333
67192	35.882062	-80.135147	35.925294	-80.062465	6.2 mi	9 mins	6.14301289149	8.1786020181	6.166	10.6666666667
67193	35.137223	-77.519027	35.115128	-78.345605	59.6 mi	1 hour 12 mins	73.292519966	86.04886091	76.289	99.1166666667
67194	35.021781	-83.993675	36.277999	-76.112685	536 mi	8 hours 21 mins	559.683600489	549.294371251	525.275	550.333333333
67195	36.079275	-78.585329	36.393042	-78.169673	39.0 mi	46 mins	42.7799184267	51.2535168802	44.47	58.9166666667
67196	35.721724	-79.721858	36.300438	-80.395050	66.1 mi	1 hour 11 mins	66.1315783109	71.7006377991	67.173	76.6666666667
67197	36.240901	-78.213813	35.606813	-77.695102	67.1 mi	1 hour 19 mins	74.3923945998	80.9750406769	74.185	97.3666666667
67198	36.473061	-76.039919	35.920501	-76.360572	67.5 mi	1 hour 22 mins	67.4123803749	85.2607973099	67.66	92.85
67199	35.551203	-81.378628	35.325146	-81.620372	34.3 mi	47 mins	32.545019611	48.5905357672	35.293	59.2
67200	36.393690	-77.635458	35.920889	-78.158818	51.4 mi	45 mins	51.4864389523	45.1963554817	51.472	50.0333333333
67201	36.240901	-78.213813	36.531676	-77.861757	40.5 mi	53 mins	41.2754980261	54.1650397806	41.372	74.2666666667
67202	36.118743	-80.189775	36.112723	-80.361639	15.5 mi	22 mins	14.7564896964	21.8155977123	14.796	20.7166666667
67203	35.598293	-82.497605	35.583018	-75.463015	459 mi	7 hours 3 mins	463.667313411	437.793185764	448.3441	458.683333333
67204	35.640981	-79.616493	35.343792	-79.383234	27.3 mi	33 mins	29.2332615782	33.2876377844	27.393	38.8166666667
67205	35.085988	-77.029134	35.117024	-77.907454	61.2 mi	1 hour 4 mins	60.7448802134	68.2588004771	61.314	86.8166666667
67206	35.306977	-77.642884	35.627579	-78.058608	43.0 mi	55 mins	43.9777762223	49.4993308666	46.432	61.7
67207	35.670527	-79.832165	35.993831	-79.162318	68.3 mi	1 hour 5 mins	74.9116228262	74.2088258216	68.467	76.85
67208	35.847875	-82.525198	35.375132	-82.214159	54.0 mi	1 hour 15 mins	70.9269607102	75.4358978093	71.2	82.9666666667
67209	35.712853	-81.484229	35.492117	-81.363343	25.5 mi	35 mins	29.3411347086	35.3087602717	25.502	43.8833333333
67210	35.623383	-76.689787	35.206516	-83.828710	469 mi	7 hours 23 mins	474.74644478	458.300627877	507.508	521.583333333
67211	35.791838	-82.542475	36.100186	-75.714453	469 mi	7 hours 8 mins	489.23566217	471.476951152	458.345	467.25
67212	35.252576	-77.688100	35.732859	-77.003722	67.2 mi	1 hour 18 mins	69.4333743294	87.5789117314	65.935	89.1666666667
67213	35.408092	-80.760272	35.502060	-80.274588	34.3 mi	46 mins	39.478927346	47.8995232087	36.124	54.45
67214	36.423124	-75.972976	35.293151	-83.159364	485 mi	7 hours 30 mins	496.363108973	480.171106906	485.123	486.75
67215	35.701844	-81.970513	35.322181	-81.888848	31.7 mi	44 mins	31.8867288421	42.6005264205	34.042	46.5333333333
67216	34.322170	-78.095000	34.950855	-77.634208	83.5 mi	1 hour 26 mins	83.1890483066	88.1966372337	86.709	116.7
67217	34.785762	-78.053941	34.786033	-77.367671	52.5 mi	1 hour 5 mins	54.2615821002	66.8728061285	63.121	82.2333333333
67218	35.216542	-79.799455	35.229101	-79.216091	39.2 mi	54 mins	42.4449541824	53.164562814	42.653	64.9666666667
67219	35.494985	-77.046680	36.345295	-77.165808	73.7 mi	1 hour 26 mins	73.625790913	85.562029381	73.828	102.116666667
67220	35.760567	-81.455607	35.292153	-82.151939	59.7 mi	1 hour 12 mins	59.6213531584	73.0014773896	64.488	87.35
67221	36.083042	-78.940296	36.406551	-78.380929	50.5 mi	52 mins	50.4993018872	51.3167705637	50.596	58.1333333333
67222	35.528048	-82.822091	35.683119	-82.025532	53.6 mi	58 mins	53.9842820137	58.8141628951	54.476	63.8166666667
67223	35.708357	-78.945013	35.018046	-78.407120	65.9 mi	1 hour 25 mins	81.4568903729	87.1603254768	88.912	97.75
67224	36.346704	-75.952218	35.478307	-76.012115	93.7 mi	1 hour 47 mins	93.6743877224	108.816374278	93.774	121.766666667
67225	35.564838	-83.060787	35.869842	-82.360267	68.5 mi	1 hour 16 mins	68.6592498541	78.9433005704	68.682	88.6333333333
67226	35.362878	-81.077432	35.266640	-81.643739	39.2 mi	49 mins	39.9040228626	51.149963113	39.181	53.5666666667
67227	34.865721	-79.762777	34.898439	-79.003230	53.3 mi	58 mins	56.8151181025	66.4567973884	53.412	75.8
67228	34.813551	-77.460930	35.108144	-76.619759	70.9 mi	1 hour 29 mins	71.3889353085	91.1210679351	71.586	110.85
67229	36.518069	-77.824253	35.786455	-77.964056	70.5 mi	1 hour 10 mins	69.7238771891	72.0530758358	69.907	86.9166666667
67230	35.641388	-82.099181	36.274180	-81.883440	70.0 mi	1 hour 36 mins	73.4489564976	107.793119429	71.399	101.383333333
67231	35.328376	-82.386658	35.926121	-82.256156	63.8 mi	1 hour 11 mins	64.0301648157	74.8331161476	64.293	81.8
67232	35.099488	-78.610246	35.413744	-78.079097	43.0 mi	51 mins	50.3871508599	66.6682955838	50.609	76.9333333333
67233	35.751798	-78.889582	35.300149	-79.250885	46.3 mi	45 mins	44.5484634969	46.3536629431	44.746	51.0
67234	36.482048	-79.488473	36.097106	-79.260262	42.2 mi	53 mins	47.8781207418	54.2397908907	49.102	62.0166666667
67235	35.322474	-82.612486	35.464207	-82.882929	39.3 mi	51 mins	41.5420581204	51.6305230635	42.094	59.1
67236	34.574387	-78.669598	34.539864	-78.724514	6.6 mi	12 mins	11.270240506	14.2759145836	10.275	19.9
67237	35.503459	-77.059356	35.082140	-84.024490	465 mi	7 hours 10 mins	469.575547742	446.391319767	469.371	475.7
67238	35.406280	-80.710504	35.989537	-80.438708	61.3 mi	1 hour 3 mins	61.1340948111	62.9602609705	61.337	73.45
67239	34.668431	-77.218312	35.566212	-77.276251	76.2 mi	1 hour 34 mins	87.0407706708	107.68285353	92.344	126.733333333
67240	36.478632	-76.752392	35.331137	-83.591630	441 mi	7 hours 5 mins	463.789904724	443.653692816	464.606	463.866666667
67241	36.084093	-76.435881	36.386326	-76.248871	36.2 mi	44 mins	40.0330659425	48.1866618523	36.225	55.8333333333
67242	35.547205	-80.979947	35.287097	-81.805293	58.4 mi	1 hour 22 mins	59.1883586065	85.5226059564	61.831	89.4666666667
67243	35.722977	-81.635762	35.873761	-82.297957	63.3 mi	1 hour 18 mins	60.4860671236	78.2658823772	63.323	86.8666666667
67244	35.325532	-81.008285	35.900906	-81.222537	52.1 mi	1 hour 4 mins	52.0977949336	66.6601603911	53.331	70.65
67245	35.476788	-81.178235	36.190464	-81.039347	77.9 mi	1 hour 26 mins	77.8988546127	87.0604831048	78.003	90.0166666667
67246	36.293950	-81.809206	35.589680	-82.118371	72.9 mi	1 hour 47 mins	76.0726721746	116.745737338	76.393	118.966666667
67247	35.095367	-84.035821	35.020831	-76.772479	496 mi	7 hours 53 mins	498.57447638	490.22692233	506.337	530.9
67248	35.814609	-77.293397	36.357108	-77.968289	70.9 mi	1 hour 21 mins	70.5914628526	78.3587656779	70.95	95.75
67249	35.260661	-81.087433	35.470702	-80.697073	36.2 mi	39 mins	35.7474953969	39.1621444353	36.267	45.9333333333
67250	36.190958	-79.860708	36.356198	-80.663034	63.5 mi	1 hour 16 mins	62.4029088965	71.6602973203	58.776	81.6833333333
67251	36.236345	-76.061427	35.113145	-84.013233	532 mi	8 hours 20 mins	538.935025042	521.105212246	540.592	555.333333333
67252	35.680620	-81.306151	36.448547	-80.996945	83.1 mi	1 hour 24 mins	82.8571716945	85.547599354	83.197	90.5333333333
67253	35.790201	-78.122057	36.398425	-78.395784	58.7 mi	1 hour 8 mins	60.4390856315	74.2339186932	58.102	81.4833333333
67254	35.568420	-77.278850	35.602390	-77.933037	46.3 mi	51 mins	50.2785525429	58.3594268044	46.345	65.0166666667
67255	35.806355	-79.808218	35.445243	-80.159357	41.9 mi	48 mins	41.9240723724	49.5137313236	43.693	54.4833333333
67256	35.561294	-80.027643	35.765598	-79.754380	27.5 mi	36 mins	26.8749192104	40.740432063	28.083	45.4
67257	35.979238	-76.956643	35.269988	-83.752688	451 mi	6 hours 50 mins	454.834593326	426.687060286	447.961	437.9
67258	35.475749	-80.624357	35.665226	-81.318008	57.8 mi	1 hour 13 mins	75.9994154384	77.9362379272	59.879	76.65
67259	36.285556	-81.833392	36.414678	-80.965285	72.7 mi	1 hour 48 mins	71.8339434434	106.890941082	77.729	114.933333333
67260	34.623830	-78.614016	33.912158	-78.488161	57.1 mi	1 hour 8 mins	61.2756734998	71.9871285033	61.841	92.5166666667
67261	36.033660	-80.477854	35.312402	-80.258382	66.1 mi	1 hour 28 mins	83.7720932671	93.9939010968	68.959	94.9
67262	35.345740	-81.660271	35.393579	-82.189228	40.5 mi	45 mins	41.3800625861	46.8183763667	39.593	55.5666666667
67263	36.353495	-81.379383	36.213978	-81.640276	22.7 mi	31 mins	22.5975568552	28.4494840422	32.036	43.2833333333
67264	35.829979	-79.091677	35.343792	-79.383234	43.9 mi	51 mins	43.7637301967	50.5741104745	43.951	54.3
67265	35.031815	-79.112211	34.739240	-79.534691	33.1 mi	38 mins	33.0118198939	38.6744464938	33.17	42.3833333333
67266	35.751060	-77.671026	36.243291	-77.091348	54.8 mi	1 hour 2 mins	54.6977926365	60.5857055212	60.991	71.4666666667
67267	35.159841	-83.235908	36.309430	-76.254472	487 mi	7 hours 28 mins	493.371151224	466.061387334	476.061	494.7
67268	36.048200	-79.871010	35.510696	-80.421747	59.1 mi	1 hour 2 mins	58.8810302103	62.6783094233	59.063	74.0
67269	35.130287	-83.431679	35.022670	-83.664415	24.7 mi	40 mins	30.5066374025	39.5954654817	30.374	45.0833333333
67270	35.280595	-83.263073	36.078656	-76.418848	453 mi	6 hours 51 mins	456.848794462	429.887527707	0	0.0
67271	36.053347	-77.446740	35.749328	-77.848057	39.5 mi	52 mins	40.5107543148	51.0814771628	48.245	65.7
67272	36.083577	-76.423800	35.429693	-83.450382	459 mi	6 hours 57 mins	463.645971025	436.497597538	456.748	457.133333333
67273	35.208865	-75.694742	35.117058	-83.396533	568 mi	9 hours 3 mins	571.922519034	560.333202028	565.812	586.016666667
67274	35.035157	-78.404168	35.658986	-78.054349	60.3 mi	1 hour 8 mins	62.4954249821	70.3854470533	65.328	82.6333333333
67275	35.769995	-82.184531	36.168080	-81.876209	50.2 mi	1 hour 14 mins	47.8604896993	73.3605661812	48.663	76.6833333333
67276	35.504619	-82.945523	36.229633	-76.144777	446 mi	6 hours 47 mins	452.639213525	424.450065764	435.274	444.75
67277	35.700530	-81.328321	35.691753	-81.184237	9.4 mi	16 mins	11.0509155617	14.4817476368	9.494	17.35
67278	34.728571	-76.625537	35.171361	-83.916275	501 mi	8 hours 1 min	505.078919614	497.970698327	517.611	532.933333333
67279	34.950534	-78.764174	35.567480	-79.166898	55.2 mi	1 hour 6 mins	59.5097140141	70.2894643499	56.548	75.1833333333
67280	35.942215	-81.165943	36.131694	-81.661199	44.0 mi	57 mins	43.265985702	59.925965759	43.728	64.0166666667
67281	35.874831	-81.475528	35.310810	-80.912609	60.2 mi	1 hour 9 mins	60.6988469217	72.4940162848	60.212	74.0
67282	35.254397	-83.085030	35.327379	-83.544621	44.8 mi	1 hour 1 min	44.8241459446	59.5633024883	44.327	62.5833333333
67283	36.145819	-76.687064	35.137162	-84.268230	518 mi	8 hours 5 mins	522.172898727	504.022847626	521.319	534.516666667
67284	35.992337	-80.300293	36.474109	-79.796731	51.0 mi	1 hour 2 mins	50.5526527782	64.0090765794	51.013	66.65
67285	35.300104	-82.494015	35.174132	-82.804388	26.7 mi	38 mins	26.2351465244	38.8203258952	26.636	39.1333333333
67286	35.925578	-82.088684	36.227590	-81.575967	44.9 mi	1 hour 4 mins	45.855551009	65.9849476038	46.029	63.6833333333
67287	36.110204	-78.919650	35.655868	-78.490771	51.3 mi	56 mins	49.2689943577	54.9120208413	49.567	59.4166666667
67288	34.755325	-76.718286	35.287167	-83.784101	489 mi	7 hours 46 mins	492.626470976	483.745639193	506.843	523.05
67289	35.932158	-81.157459	35.209011	-80.648601	74.5 mi	1 hour 22 mins	81.9313145065	85.1393004882	72.705	83.5666666667
67290	35.590379	-77.346454	35.819310	-77.888605	42.6 mi	49 mins	44.9647356951	51.8182922132	45.813	55.6
67291	35.904668	-80.096094	36.113946	-80.518071	32.4 mi	38 mins	32.419614157	36.2122001326	32.455	38.7166666667
67292	35.230819	-75.630793	35.665884	-82.924543	526 mi	8 hours 18 mins	530.030122183	514.269839581	523.439	538.183333333
67293	35.860774	-82.055511	36.209525	-81.308013	71.8 mi	1 hour 42 mins	74.506465482	108.261762586	73.277	110.95
67294	35.633510	-80.112975	35.446814	-80.973557	72.8 mi	1 hour 23 mins	72.0787365842	87.1915495172	64.83	84.8833333333
67295	36.123617	-79.628942	36.387824	-80.472004	65.3 mi	1 hour 7 mins	66.1386427748	67.4403455449	63.663	73.8833333333
67296	35.850922	-82.426013	35.249828	-82.718611	57.3 mi	1 hour 11 mins	57.4238921633	69.881455545	57.415	77.8
67297	35.540363	-81.375721	35.381803	-80.809892	41.6 mi	1 hour 1 min	53.560458143	60.9521198216	44.143	68.7333333333
67298	36.453090	-77.681079	36.305529	-76.886959	55.5 mi	1 hour 14 mins	55.8051833306	75.92052774	57.897	85.0
67299	35.632826	-79.202454	35.375306	-78.947611	31.8 mi	37 mins	32.4030390364	42.9865326559	33.074	49.6833333333
67300	35.960824	-78.955538	35.533754	-78.539372	49.5 mi	50 mins	49.0715015179	51.3089025338	49.362	56.1
67301	36.142913	-76.713936	36.232197	-76.582567	12.8 mi	24 mins	12.8420840471	22.9548108494	12.758	29.5
67302	35.532099	-81.021249	35.536095	-80.605779	31.1 mi	46 mins	33.6418443367	49.0404002399	33.788	50.9
67303	35.799907	-77.195138	35.843262	-76.735164	31.8 mi	37 mins	31.8528061694	43.5759347953	31.825	46.1
67304	35.030152	-80.276220	35.484884	-80.288050	39.0 mi	54 mins	43.4128221457	56.4709893141	44.425	64.2666666667
67305	36.020125	-80.068604	35.425383	-80.560144	65.0 mi	1 hour 4 mins	64.8886774956	64.2259846062	65.114	68.9166666667
67306	36.260347	-80.886138	36.217932	-81.503864	45.5 mi	53 mins	42.4861496904	54.930928011	42.703	63.6
67307	35.879189	-81.473836	35.947920	-82.143098	69.3 mi	1 hour 29 mins	72.0842008772	91.7626184946	69.864	96.75
67308	36.083767	-80.778181	36.417496	-81.203949	49.8 mi	1 hour 7 mins	49.7589678202	63.5148249646	49.886	74.55
67309	35.652459	-80.100078	35.018395	-80.272681	57.2 mi	1 hour 10 mins	59.038174485	75.0260458697	59.519	88.75
67310	35.026246	-80.641936	35.172645	-81.443267	63.0 mi	1 hour 7 mins	62.8789323011	66.8949172261	59.519	68.8833333333
67311	35.676817	-82.087060	36.153090	-81.863311	43.9 mi	58 mins	43.4266478384	58.0333464635	44.161	59.8333333333
67312	36.164138	-79.819768	36.064265	-80.682383	59.3 mi	1 hour 3 mins	59.5574245217	63.0053901471	59.519	72.6
67313	35.739591	-78.805149	36.381744	-78.300635	61.8 mi	1 hour 12 mins	61.9550422916	72.9323657473	64.017	76.4166666667
67314	35.456222	-76.094972	36.165998	-76.072727	112 mi	2 hours 15 mins	115.471884855	137.097086858	115.804	163.016666667
67315	36.292980	-76.147254	36.418128	-76.672220	36.5 mi	50 mins	36.4681171332	48.8442956786	36.545	55.2
67316	36.277002	-78.406065	35.979563	-79.045038	52.2 mi	54 mins	52.1459346897	54.5979607563	52.147	57.1833333333
67317	36.113629	-76.277478	36.540332	-76.875267	56.3 mi	1 hour 17 mins	53.2438245915	77.7241190609	64.857	99.5666666667
67318	36.086511	-78.952115	36.362225	-79.778662	65.8 mi	1 hour 23 mins	78.103916259	87.8931252474	66.464	91.15
67319	36.460029	-78.796740	36.189220	-79.170610	33.1 mi	46 mins	33.0902088398	51.5374904537	33.159	66.3833333333
67320	35.713567	-81.436801	35.463953	-80.866679	48.3 mi	57 mins	59.423361666	57.7903207435	57.418	59.4833333333
67321	35.834806	-81.545220	36.375771	-81.539377	54.9 mi	1 hour 14 mins	54.019516178	74.0995740995	55.782	76.3833333333
67322	35.406688	-80.759818	34.957222	-80.027190	66.4 mi	1 hour 17 mins	72.1485768669	86.0036088938	72.61	88.1666666667
67323	35.947996	-77.796396	36.355286	-78.493383	61.8 mi	1 hour 14 mins	75.4781263573	89.319984284	65.715	91.35
67324	35.225546	-75.681581	35.022073	-83.714961	591 mi	9 hours 28 mins	595.027573846	584.667375694	588.6021	612.4
67325	35.159170	-83.918416	36.082809	-76.422618	498 mi	7 hours 39 mins	502.058371165	480.920689585	486.854	506.366666667
67326	35.335998	-83.199669	35.030291	-83.726372	51.6 mi	1 hour 2 mins	52.9548428903	63.3704676732	49.826	62.1166666667
67327	34.094145	-77.885101	34.889170	-77.765875	64.6 mi	1 hour 9 mins	64.6909313889	70.9208744886	65.001	81.4833333333
67328	36.429133	-81.516276	35.538964	-81.449728	88.9 mi	1 hour 56 mins	87.3517323028	118.891374345	93.028	125.0
67329	34.891413	-79.596432	35.443621	-80.269439	73.6 mi	1 hour 27 mins	72.7316261504	92.8568185345	74.19	99.4166666667
67330	35.121745	-84.256152	34.999165	-83.883475	30.9 mi	42 mins	30.8837650378	41.7598116477	30.986	46.6166666667
67331	35.843295	-82.386030	35.915256	-82.315565	9.6 mi	20 mins	8.65224466813	18.2779918773	8.826	24.5166666667
67332	34.977404	-79.783020	34.721743	-79.537489	28.0 mi	33 mins	31.2892052237	36.575322328	24.809	40.5166666667
67333	36.035337	-81.199509	36.090220	-80.824749	33.2 mi	38 mins	33.3027165378	38.4264722068	33.254	43.95
67334	35.187853	-83.813691	35.437434	-83.439575	34.8 mi	49 mins	34.7572244981	48.9453854694	34.59	50.5333333333
67335	36.307141	-78.407114	35.798967	-78.474783	43.0 mi	49 mins	42.787516629	48.9126789893	42.963	49.85
67336	35.566527	-79.543741	35.859544	-79.111875	42.8 mi	51 mins	40.4581313426	52.7385841178	40.5	65.6333333333
67337	35.906259	-81.149469	35.325135	-80.730235	60.3 mi	1 hour 8 mins	67.7576767047	69.9187573036	59.784	67.1833333333
67338	34.915532	-79.780612	34.840023	-79.690184	10.2 mi	13 mins	10.0392905998	11.2618995648	10.036	12.65
67339	36.140678	-80.360512	36.175619	-80.732641	27.8 mi	36 mins	26.5777566882	34.6725927616	29.787	46.4666666667
67340	36.168583	-80.346927	36.473871	-79.513767	60.3 mi	1 hour 21 mins	77.0191983612	83.1379497354	74.629	87.1666666667
67341	36.446232	-81.521399	36.235390	-81.787269	36.4 mi	51 mins	33.9897198378	52.79805056	36.454	50.6166666667
67342	36.361977	-76.823759	35.872104	-76.434157	60.9 mi	1 hour 11 mins	58.3245260568	68.2151157505	60.947	85.2
67343	34.755047	-77.098284	34.319567	-77.767877	67.1 mi	1 hour 17 mins	70.4398687568	78.3448259888	67.95	84.1
67344	36.079854	-80.106899	36.132120	-79.620067	33.4 mi	36 mins	34.1699495849	35.4431252667	31.766	45.0833333333
67345	35.170571	-83.407582	35.893816	-76.537624	448 mi	6 hours 47 mins	454.020185515	421.50501944	438.774	442.966666667
67346	35.191252	-83.882480	35.155440	-84.082065	19.3 mi	32 mins	18.946560537	29.1059048642	19.878	40.5833333333
67347	35.063890	-83.010515	35.710864	-76.113217	467 mi	7 hours 31 mins	488.351756058	482.577482233	455.549	488.766666667
67348	35.081165	-83.751906	36.254667	-76.326248	505 mi	7 hours 49 mins	511.619520056	484.859637449	494.77	513.516666667
67349	34.885597	-76.332932	35.394456	-83.154010	464 mi	7 hours 22 mins	466.834389907	456.550258503	486.336	497.233333333
67350	35.526001	-80.669273	35.492643	-80.611024	4.5 mi	8 mins	4.48844997098	8.30513929392	5.402	17.6
67351	34.043479	-78.236165	34.179668	-78.046337	18.7 mi	24 mins	17.588742682	20.006714714	17.515	23.3333333333
67352	36.471129	-76.338055	36.352175	-76.599100	24.5 mi	33 mins	29.2359194859	33.6365422072	24.747	38.8333333333
67353	35.249612	-80.639195	35.247892	-80.986850	28.4 mi	29 mins	28.5758267223	29.5042441572	24.853	30.1833333333
67354	35.291726	-78.029119	35.419407	-77.928298	14.4 mi	19 mins	14.4177634901	17.5163546776	15.003	20.7833333333
67355	36.244804	-75.870951	35.911181	-82.893552	481 mi	7 hours 30 mins	497.779862269	485.574680324	478.652	482.95
67356	35.646017	-79.411847	35.724459	-79.798843	28.0 mi	37 mins	27.9738477154	36.0763603797	32.39	45.4166666667
67357	35.452462	-76.061609	35.439729	-83.497694	491 mi	7 hours 48 mins	501.783654728	485.278374907	491.044	516.8
67358	35.222135	-83.356085	35.048608	-83.734123	34.8 mi	42 mins	34.7065383122	39.8943684188	35.415	44.0833333333
67359	35.437081	-83.450406	35.437934	-83.438874	1.3 mi	4 mins	1.31731965569	3.36734514581	1.331	4.88333333333
67360	35.674941	-82.630483	35.239662	-82.737952	40.6 mi	52 mins	40.479795224	52.8126946352	40.676	61.8166666667
67361	35.015985	-78.672033	35.267340	-78.327260	33.0 mi	43 mins	42.2680603985	48.2088753513	34.957	55.2
67362	35.227701	-83.439755	35.181104	-83.423532	9.7 mi	20 mins	9.15625587921	19.2597791707	10.78	23.3833333333
67363	35.492324	-77.656437	35.438737	-77.678663	5.4 mi	10 mins	5.32467505433	9.19524704136	5.398	11.0833333333
67364	35.357018	-75.500306	35.393661	-83.720695	561 mi	8 hours 45 mins	564.761398936	541.49805849	558.338	568.816666667
67365	35.635907	-82.612205	35.440898	-82.502456	21.0 mi	30 mins	21.1912671901	28.1766973449	17.767	28.3333333333
67366	35.471918	-80.371004	35.533999	-80.618567	18.7 mi	29 mins	21.2071887641	31.4171779787	28.381	41.5333333333
67367	36.219994	-76.707053	35.829374	-76.772296	40.8 mi	46 mins	39.7912027502	50.4429841144	40.896	57.7666666667
67368	35.942150	-82.342097	35.910996	-82.372385	4.4 mi	8 mins	4.35926030616	6.47018462362	4.51	12.7166666667
67369	36.319468	-76.176990	36.331602	-76.597047	32.4 mi	42 mins	32.3847489768	43.9813990396	32.439	48.95
67370	36.171795	-76.455335	36.518055	-76.637425	33.4 mi	47 mins	33.1880784146	46.9536501847	49.551	79.3333333333
67371	35.205986	-77.899419	35.444420	-77.618984	30.0 mi	38 mins	29.882972868	41.190600782	34.521	54.2
67372	35.729886	-81.736667	35.664283	-82.019416	21.0 mi	21 mins	18.7983875102	20.5027064084	18.953	20.8833333333
67373	36.200798	-79.802613	36.296416	-79.585644	18.6 mi	27 mins	18.3297458059	24.4868593118	21.248	33.0333333333
67374	35.191555	-81.140499	35.295638	-80.797986	27.7 mi	34 mins	27.048468377	33.555111971	26.2	35.9666666667
67375	36.341040	-76.928097	36.342340	-76.655944	28.1 mi	37 mins	27.9847527737	37.3921758923	28.009	48.05
67376	34.886123	-79.208081	35.256879	-79.269004	34.6 mi	42 mins	35.7898693807	43.1879781731	36.761	60.3166666667
67377	35.262140	-75.594243	35.392021	-83.474447	553 mi	8 hours 42 mins	557.592172617	537.746462786	551.0209	561.033333333
67378	36.325505	-75.910406	35.269988	-83.752688	526 mi	8 hours 10 mins	542.188816586	527.667457673	523.034	525.866666667
67379	35.463713	-80.757597	35.689854	-81.130810	34.5 mi	50 mins	34.3096840279	50.8443756811	41.59	58.5
67380	35.033454	-79.146234	35.402622	-79.181863	41.8 mi	55 mins	42.7519086344	58.4226992044	43.228	67.4666666667
67381	36.338693	-76.131073	35.044052	-83.376391	496 mi	7 hours 40 mins	503.236043549	479.139088134	493.685	494.566666667
67382	35.930633	-75.694531	36.155671	-75.750100	27.0 mi	39 mins	26.8028276212	41.0716418089	26.997	40.2666666667
67383	36.211557	-75.865999	35.409835	-83.363278	501 mi	7 hours 44 mins	517.905342992	498.697409032	498.77	500.783333333
67384	35.313809	-80.606679	35.301197	-80.859560	18.4 mi	28 mins	18.9141689609	26.7298522801	19.698	26.7833333333
67385	36.379042	-78.200736	36.518765	-78.308196	16.4 mi	27 mins	16.4809617339	26.5318898818	18.445	39.8833333333
67386	35.895469	-76.703649	35.548379	-76.439706	34.2 mi	41 mins	34.1574180727	38.6632002092	34.241	52.6
67387	35.227720	-83.440041	35.339782	-83.746683	39.9 mi	1 hour 2 mins	39.4147014539	60.1543121736	36.122	68.9833333333
67388	35.027189	-83.717329	36.335654	-76.559946	478 mi	7 hours 47 mins	511.413365353	483.736564496	493.495	510.016666667
67389	36.296589	-79.476680	36.418527	-79.685258	19.6 mi	24 mins	19.7107680981	23.4563041282	19.58	33.15
67390	36.300223	-80.319832	35.988045	-80.449161	30.2 mi	41 mins	30.869038987	41.7190808644	30.012	46.6
67391	35.030686	-83.199901	35.875907	-76.257016	486 mi	7 hours 34 mins	489.554125535	471.02329798	457.395	487.233333333
67392	35.183515	-83.121275	36.280218	-76.254504	477 mi	7 hours 25 mins	483.682479341	459.24482666	466.675	480.066666667
67393	34.390328	-78.312024	34.495915	-78.531080	18.7 mi	23 mins	18.4811711285	21.7910696039	18.689	34.4333333333
67394	35.124266	-83.372059	36.085360	-76.381529	471 mi	7 hours 14 mins	474.889881336	457.726795481	462.089	487.933333333
67395	35.074882	-83.327142	36.137875	-76.297673	487 mi	7 hours 34 mins	491.354825777	469.672990276	476.254	505.116666667
67396	35.229328	-77.519112	35.200773	-77.658448	9.7 mi	14 mins	10.9591819828	15.2055195009	11.134	16.65
67397	35.054317	-83.819653	35.829062	-76.778188	467 mi	7 hours 7 mins	471.20147057	442.289072517	456.03	465.966666667
67398	36.441345	-77.077504	35.384517	-83.862514	442 mi	7 hours 10 mins	470.757423522	451.66784244	464.7591	476.85
67399	34.728899	-76.571165	35.166091	-83.435758	477 mi	7 hours 31 mins	480.752999211	467.773659968	498.803	511.483333333
67400	35.040510	-83.843273	36.375716	-76.149347	522 mi	8 hours 4 mins	544.474438327	527.201082238	511.1549	525.916666667
67401	35.302428	-82.517181	35.265094	-75.539716	505 mi	8 hours 3 mins	518.048529858	501.763304833	497.506	528.4
67402	35.374950	-80.730797	35.415666	-80.979187	22.0 mi	32 mins	22.8228689893	36.4157663121	22.001	37.4166666667
67403	35.321729	-77.292380	35.296336	-77.697252	29.2 mi	39 mins	32.0132695355	42.0430973669	29.919	52.2333333333
67404	35.485610	-77.803494	35.658596	-77.943474	20.3 mi	26 mins	22.2938569086	29.016323507	20.337	33.15
67405	35.851039	-79.028291	35.849098	-79.183804	13.4 mi	21 mins	13.4337709939	25.2566196664	13.424	26.1666666667
67406	36.289642	-80.376007	36.403068	-80.296866	11.3 mi	19 mins	11.2695727229	19.0530616773	12.775	27.2
67407	36.509391	-80.633442	36.217260	-80.654914	25.7 mi	34 mins	25.5663288009	34.9041098755	26.196	38.2166666667
67408	36.166587	-80.236883	36.173370	-80.354134	7.9 mi	14 mins	7.88359198079	14.4282262282	7.875	16.5166666667
67409	34.474487	-78.200785	34.163381	-77.882646	38.7 mi	47 mins	38.5771741463	46.8424619397	38.717	51.8666666667
67410	36.115394	-79.463115	36.133282	-79.685054	18.7 mi	27 mins	17.4559820736	25.4439679246	18.444	34.3333333333
67411	36.085458	-76.420197	35.422024	-83.477847	462 mi	7 hours 3 mins	466.3001477	442.180099035	459.424	464.25
67412	35.578946	-80.459856	35.950655	-80.652117	32.1 mi	43 mins	32.6931266209	48.1755303101	31.598	61.2
67413	36.076791	-75.804710	36.215697	-75.877590	12.1 mi	18 mins	11.9884298287	15.286931074	12.078	17.6833333333
67414	35.587955	-78.481133	35.465198	-78.158145	25.0 mi	27 mins	23.9962649119	27.9976135304	24.158	30.5333333333
67415	35.223964	-83.373165	35.344570	-83.751969	40.6 mi	1 hour 4 mins	55.9699700457	63.614211969	40.002	75.1
67416	35.715593	-77.924026	35.644485	-77.712056	15.7 mi	21 mins	15.7693606769	21.0834983534	15.758	25.45
67417	35.435354	-83.454436	36.203761	-76.451198	461 mi	6 hours 57 mins	464.839073445	430.845295609	450.015	454.016666667
67418	36.509614	-77.519112	36.518271	-77.302605	13.7 mi	26 mins	15.5247760026	28.1175992002	13.755	29.8333333333
67419	36.370296	-80.818058	36.097823	-80.784585	26.4 mi	28 mins	25.7676247871	26.8716343755	25.851	30.1166666667
67420	35.967798	-82.004905	36.235662	-81.887471	28.6 mi	56 mins	46.1324200612	67.2331409059	30.433	59.0333333333
67421	36.014536	-81.078243	36.264573	-81.147076	32.0 mi	50 mins	33.3871340003	48.8088430243	33.461	63.8333333333
67422	35.082443	-80.662305	35.379867	-80.331957	37.6 mi	45 mins	37.2661534715	44.3852004304	43.95	52.7833333333
67423	35.248781	-80.636561	35.070345	-80.707507	18.2 mi	22 mins	17.0915969299	21.4436838911	18.137	24.65
67424	35.804521	-78.223898	35.777253	-78.239912	2.2 mi	5 mins	2.23549448385	5.39651945192	2.218	7.23333333333
67425	35.287156	-77.301211	35.521826	-77.338399	21.5 mi	27 mins	28.328548612	36.1183329843	21.513	54.2166666667
67426	36.378589	-75.829888	36.280366	-76.113329	65.5 mi	1 hour 26 mins	65.8711575003	82.6637977361	68.065	93.5166666667
67427	35.500249	-82.706602	35.447007	-83.005294	28.3 mi	34 mins	26.9586845228	33.2845994393	26.933	41.5
67428	35.175338	-83.824682	35.540481	-76.167700	524 mi	8 hours 13 mins	521.866616856	504.170607137	513.5269	544.3
67429	34.991134	-79.114586	35.331981	-79.359987	40.3 mi	53 mins	43.0406448918	58.3754979456	44.615	72.0166666667
67430	36.200455	-76.761217	36.173325	-76.330943	44.7 mi	52 mins	44.6330802981	49.8452865128	44.744	63.5333333333
67431	36.168592	-77.628593	36.370432	-77.275700	40.7 mi	52 mins	42.2402343729	55.3799042576	40.893	67.4
67432	35.501269	-82.402842	35.364974	-82.480179	14.4 mi	23 mins	14.3999949299	21.5271312697	14.967	31.8
67433	35.686662	-81.165040	35.705667	-81.077000	6.9 mi	11 mins	6.81959991627	10.9231236616	6.85	15.5333333333
67434	35.461472	-82.919473	35.271048	-82.674399	33.9 mi	51 mins	33.9563277518	53.986880548	34.013	55.4666666667
67435	35.935147	-78.998170	36.351907	-79.001396	36.0 mi	46 mins	35.9981615667	45.1926759911	36.022	49.8166666667
67436	36.369462	-75.823061	35.399466	-83.193150	517 mi	8 hours 9 mins	538.543145661	529.946298776	514.5309	528.483333333
67437	35.130622	-83.324944	36.075736	-76.522187	461 mi	7 hours 2 mins	465.705324228	435.126587084	450.431	460.316666667
67438	36.083780	-80.102999	36.289055	-80.373461	26.9 mi	29 mins	27.0444245302	30.1387857063	27.15	31.7166666667
67439	36.342057	-76.103604	35.339782	-83.746683	507 mi	7 hours 49 mins	513.755871271	490.245909723	505.226	511.416666667
67440	35.325251	-83.797251	35.834006	-76.722875	461 mi	7 hours 1 min	464.848228531	435.892099357	450.184	466.166666667
67441	36.259154	-81.807164	36.029233	-82.007069	31.6 mi	57 mins	29.8658129779	56.6682320766	42.408	59.9166666667
67442	36.206401	-78.940582	36.086962	-78.945611	9.7 mi	16 mins	13.7011680002	18.9695051153	13.801	20.8666666667
67443	36.255238	-76.683623	36.442980	-76.326074	33.5 mi	43 mins	34.1888998995	41.9633638181	34.165	52.1666666667
67444	36.208027	-75.878478	35.182697	-82.797081	475 mi	7 hours 30 mins	496.691744439	482.459190031	471.778	476.916666667
67445	36.405659	-79.339933	36.479413	-79.369021	5.9 mi	13 mins	6.09324482821	9.18067955804	6.138	18.8166666667
67446	36.290433	-76.278568	35.438213	-83.458323	473 mi	7 hours 9 mins	479.716562956	446.512036584	470.066	463.8
67447	34.999866	-77.210665	35.218178	-77.511291	31.1 mi	31 mins	31.0924552216	31.7575415601	29.495	35.75
67448	35.527552	-80.969101	35.911913	-81.189666	37.8 mi	51 mins	38.1075466181	54.0682926877	37.885	54.6333333333
67449	35.683321	-76.598484	35.874614	-76.400506	39.4 mi	44 mins	39.8567331501	44.3872091463	31.769	49.4166666667
67450	35.148421	-79.777080	34.810008	-79.515766	44.9 mi	49 mins	39.9045745704	48.8607711094	35.152	55.15
67451	36.040430	-78.549576	36.315049	-78.377351	25.7 mi	32 mins	25.6373763248	31.831432747	25.311	35.4166666667
67452	35.933130	-76.249641	35.387452	-83.495296	466 mi	6 hours 59 mins	469.851881648	436.103042114	463.2371	451.116666667
67453	35.901881	-76.314713	35.384517	-83.862514	493 mi	7 hours 30 mins	496.861006872	467.92358107	490.0161	491.083333333
67454	35.096328	-83.706621	35.446965	-76.486300	503 mi	8 hours 10 mins	513.294909626	498.547790287	503.604	544.383333333
67455	36.027472	-78.445127	36.128919	-78.764905	25.4 mi	37 mins	28.080623543	39.5935363985	27.32	47.05
67456	35.498727	-80.663918	35.829547	-80.568224	27.0 mi	37 mins	26.6706481536	34.9049496795	35.157	60.7833333333
67457	36.451806	-81.022233	36.486625	-81.039277	5.0 mi	10 mins	5.14676381636	8.74688143051	5.157	10.85
67458	35.314689	-77.729943	35.323651	-78.142052	29.7 mi	38 mins	29.555152778	38.6698703127	33.883	48.5666666667
67459	34.242973	-78.803632	34.069457	-78.761346	17.8 mi	23 mins	17.5823483268	22.8618254487	17.784	31.3166666667
67460	35.274586	-83.819821	35.112821	-75.974780	614 mi	10 hours 49 mins	613.327455006	636.659759822	599.0881	675.55
67461	36.058289	-78.643651	36.295289	-78.363613	28.6 mi	36 mins	36.6220179472	46.6042654537	28.417	43.6666666667
67462	35.108894	-84.052696	36.381454	-77.386923	436 mi	7 hours 3 mins	462.66834599	443.307832446	439.069	459.35
67463	35.362066	-75.501601	35.291600	-82.444551	493 mi	7 hours 44 mins	506.995143584	484.678602446	489.747	498.583333333
67464	34.966904	-79.052768	34.889500	-79.002779	6.7 mi	10 mins	6.64586910262	15.7139452373	6.623	22.2166666667
67465	35.432041	-82.927629	35.463323	-82.878241	5.4 mi	12 mins	5.49512479484	10.0396656554	5.397	12.4
67466	35.509191	-80.562425	35.923403	-80.395898	46.1 mi	48 mins	46.0693023482	47.986511852	46.165	55.25
67467	35.196689	-83.863512	35.135723	-76.865485	468 mi	7 hours 22 mins	471.907220019	456.347191714	472.342	494.916666667
67468	36.196337	-79.831801	36.290990	-80.203759	27.4 mi	37 mins	27.0543898533	40.9840047599	30.066	49.7
67469	35.426009	-77.639355	35.088827	-77.507895	27.6 mi	38 mins	27.5142292268	36.4653717055	27.763	46.6166666667
67470	35.214474	-83.333468	35.844982	-76.450003	460 mi	7 hours 0 mins	456.559516674	431.793961425	448.6429	461.966666667
67471	36.090746	-76.387513	36.239092	-76.589802	20.8 mi	30 mins	20.5571815824	38.734122109	25.503	55.6666666667
67472	36.344164	-76.691791	36.527736	-76.874527	24.6 mi	39 mins	21.4918502702	36.4054109563	24.38	50.0333333333
67473	35.432139	-83.080824	36.317871	-76.171209	451 mi	6 hours 46 mins	473.418702309	455.004577293	439.825	440.866666667
67474	36.016158	-80.125386	35.872213	-80.548458	36.7 mi	40 mins	34.7195151924	41.0683718242	36.55	43.7333333333
67475	35.021288	-84.236370	35.407669	-76.327735	529 mi	8 hours 22 mins	538.773315714	519.194687906	529.108	551.266666667
67476	36.250307	-75.889701	35.012015	-83.684892	533 mi	8 hours 17 mins	549.318081575	532.567468553	530.2679	533.883333333
67477	35.807521	-82.712752	35.116533	-75.975504	543 mi	9 hours 34 mins	542.552882819	562.497117837	527.881	587.016666667
67478	36.332404	-77.752476	36.075443	-77.825837	25.4 mi	26 mins	22.9075536459	30.504048132	31.893	42.7333333333
67479	35.198165	-83.834448	35.022396	-83.670476	33.5 mi	42 mins	33.572538207	39.6325201127	37.764	46.6833333333
67480	36.192073	-79.855430	36.515323	-79.692444	32.7 mi	46 mins	34.9706488753	46.2431882339	35.484	50.7833333333
67481	34.917564	-77.795379	35.067411	-77.590483	19.0 mi	24 mins	18.5415660695	23.1340622697	19.147	34.6166666667
67482	35.029794	-83.723045	34.886155	-76.772349	481 mi	7 hours 38 mins	485.259518434	472.827710196	492.9961	521.5
67483	35.529977	-80.488127	35.872213	-80.548458	28.4 mi	39 mins	31.5694890997	40.4000935325	28.525	49.9833333333
67484	34.817975	-79.551608	34.949064	-79.399415	14.5 mi	21 mins	14.7677607134	23.7832425563	14.807	27.95
67485	35.422180	-76.891401	35.101385	-84.025229	481 mi	7 hours 26 mins	485.023381341	466.915589016	487.548	510.35
67486	36.299540	-76.256491	35.028471	-83.889255	516 mi	7 hours 58 mins	523.636478632	496.327744409	513.907	516.383333333
67487	36.443126	-76.328486	35.287571	-83.144095	444 mi	7 hours 16 mins	480.988408474	464.303465314	472.1721	463.133333333
67488	35.436822	-80.367787	35.749363	-80.507516	27.4 mi	43 mins	32.3058711936	44.3613115596	32.306	44.2666666667
67489	36.183098	-79.787445	36.123617	-79.628942	13.6 mi	21 mins	17.1272766241	22.6794068039	13.606	35.2166666667
67490	36.106040	-79.211576	36.260965	-78.962196	24.0 mi	32 mins	24.8567988223	32.9992075941	25.733	43.5833333333
67491	35.043316	-78.754235	35.382486	-78.831289	33.3 mi	39 mins	37.2756266715	40.4621028508	37.658	47.2666666667
67492	36.474379	-76.036590	36.194986	-75.757041	44.1 mi	55 mins	43.9197128455	58.3903932156	44.132	60.3166666667
67493	35.276048	-79.751672	35.341503	-79.589195	13.9 mi	21 mins	13.98396682	18.9092854606	13.919	24.4
67494	35.498449	-81.422950	35.275390	-81.396324	22.2 mi	30 mins	22.8865169004	32.9542635409	23.898	39.6166666667
67495	35.449447	-83.477866	35.927759	-76.564374	447 mi	6 hours 48 mins	450.489222381	423.252529207	435.885	448.233333333
67496	35.112597	-75.972594	35.442933	-83.439074	583 mi	10 hours 12 mins	582.875193325	601.39636613	576.837	625.616666667
67497	36.111737	-76.814851	35.877875	-76.615121	24.6 mi	33 mins	24.5282907012	30.1344758044	24.651	39.8
67498	35.636472	-82.066198	35.343164	-82.113242	44.5 mi	53 mins	45.8263541905	53.3465960661	37.122	57.2833333333
67499	35.486211	-77.580959	35.658596	-77.943474	32.8 mi	36 mins	33.8368741067	35.4061261815	33.896	40.9166666667
67500	36.032667	-82.003198	35.985540	-81.976511	7.9 mi	12 mins	7.83158116863	11.8109827587	7.95	11.8
