ODIndex	originLat	originLng	destinationLat	destinationLng	GoogleMile	GoogleMin	ArcGISMile	ArcGISMin	OSMMile	OSMMin
64733	35.538324	-82.881099	35.938655	-80.998210	134 mi	2 hours 8 mins	131.930939413	133.864994491	134.171	144.216666667
64734	36.475968	-76.039581	35.906080	-76.400067	66.7 mi	1 hour 20 mins	61.2264694753	83.0996256317	62.517	90.3833333333
64735	36.349078	-76.164914	36.086865	-76.389433	31.9 mi	42 mins	31.9707086875	51.3208907099	31.933	58.0833333333
64736	36.121399	-79.652353	36.501367	-80.813801	86.5 mi	1 hour 27 mins	87.6406588422	87.4753457586	85.214	94.5666666667
64737	35.247841	-81.018406	35.550767	-82.938799	130 mi	2 hours 8 mins	143.876796582	137.903749531	130.444	136.966666667
64738	36.319864	-79.132620	34.828607	-79.226285	143 mi	2 hours 30 mins	151.951310727	158.18638058	152.816	179.183333333
64739	34.251430	-78.057087	36.443390	-78.204184	192 mi	2 hours 58 mins	192.831339966	183.776126912	192.71	195.766666667
64740	35.217219	-80.092108	35.234220	-81.969107	135 mi	2 hours 24 mins	132.093635342	155.981378798	129.115	160.7
64741	35.301197	-80.859560	35.045091	-79.143026	124 mi	2 hours 25 mins	128.756344004	152.540671898	127.258	151.133333333
64742	35.400643	-78.182345	36.274381	-78.996529	92.5 mi	1 hour 39 mins	96.7691604077	104.133232493	93.905	119.583333333
64743	34.349810	-78.655439	35.050355	-77.469719	107 mi	1 hour 59 mins	110.628197788	130.966638912	110.343	159.483333333
64744	35.307696	-80.910024	35.681320	-82.107130	93.3 mi	1 hour 36 mins	93.3319122232	99.6629530562	93.443	101.283333333
64745	35.451016	-79.218050	36.529393	-79.778498	97.9 mi	1 hour 41 mins	97.2395122093	103.009861983	97.994	112.316666667
64746	36.270164	-77.718391	34.933149	-79.133082	135 mi	2 hours 0 mins	134.977921087	123.990081668	135.366	137.966666667
64747	35.553732	-80.858414	36.336818	-80.334132	75.0 mi	1 hour 18 mins	75.7382771154	80.0005687235	75.104	80.3833333333
64748	36.249084	-77.902581	36.038158	-77.983252	19.5 mi	24 mins	21.5277927158	25.134669898	21.103	43.8833333333
64749	35.745488	-79.198319	34.146519	-77.890428	166 mi	2 hours 31 mins	165.542775015	155.484879374	165.943	166.0
64750	34.605369	-78.605485	35.051441	-78.798312	36.7 mi	45 mins	42.8884778903	47.1804300998	43.008	53.0
64751	35.434985	-79.166375	36.294731	-80.485778	109 mi	1 hour 51 mins	108.714772646	115.150680841	109.873	125.333333333
64752	34.689197	-77.502432	35.780538	-77.954932	94.2 mi	1 hour 52 mins	102.305527834	114.443571787	93.141	129.716666667
64753	36.403313	-78.753892	35.534289	-80.667833	142 mi	2 hours 26 mins	160.201247198	158.324544474	159.607	171.7
64754	36.359297	-77.016324	36.426913	-76.390504	41.4 mi	50 mins	41.4642229412	48.345397112	41.438	55.2833333333
64755	35.706573	-77.782857	36.284759	-76.378799	109 mi	1 hour 52 mins	110.071947466	120.636096103	110.09	132.85
64756	35.305843	-80.880536	35.926952	-82.202687	121 mi	2 hours 17 mins	127.721967085	141.112298861	121.29	148.316666667
64757	36.386038	-78.991162	35.576709	-77.519329	128 mi	2 hours 7 mins	127.790340139	127.89127569	125.097	147.35
64758	36.086296	-82.189497	35.216954	-82.742011	87.5 mi	1 hour 47 mins	87.3452172434	105.727995231	88.217	114.216666667
64759	36.461185	-81.001973	35.511442	-82.852472	176 mi	2 hours 49 mins	175.547184044	173.970959961	178.001	182.25
64760	36.078671	-77.611059	36.205730	-78.234738	50.7 mi	1 hour 6 mins	55.9418074822	72.8751969264	71.239	97.0666666667
64761	36.065664	-79.100536	36.515518	-79.516750	48.9 mi	1 hour 1 min	49.8717591031	59.0007175404	50.198	67.1666666667
64762	35.393060	-83.214499	35.380318	-83.614294	33.9 mi	41 mins	34.6019013952	41.8670192903	33.853	47.1666666667
64763	34.845659	-78.854618	35.566723	-79.076944	61.8 mi	1 hour 14 mins	63.2359608532	74.8021590046	68.321	83.4666666667
64764	35.021741	-83.681764	35.995690	-82.137339	151 mi	2 hours 44 mins	149.111613823	166.038630586	151.708	177.833333333
64765	35.428512	-77.640445	36.011474	-77.857184	55.2 mi	53 mins	55.0542817442	53.9625672065	57.596	65.8833333333
64766	36.157938	-80.223359	35.626884	-80.884525	61.9 mi	1 hour 3 mins	61.5972620075	69.0011083188	65.427	72.85
64767	35.808482	-81.318191	35.793386	-82.668572	104 mi	1 hour 44 mins	104.11249891	107.757364573	103.182	111.016666667
64768	35.068484	-78.432510	35.011833	-78.295145	10.0 mi	14 mins	10.5267295871	17.9378544983	9.056	19.6166666667
64769	36.545638	-81.010441	35.755350	-81.405485	103 mi	1 hour 42 mins	102.563910139	102.793787782	103.974	116.35
64770	36.462549	-79.427950	35.035698	-80.289840	136 mi	2 hours 25 mins	160.606145408	165.282595137	138.39	170.683333333
64771	36.351405	-76.599123	35.427152	-77.935104	123 mi	2 hours 21 mins	156.34552912	150.222709583	151.541	171.133333333
64772	36.469043	-76.034374	35.628379	-77.337758	110 mi	2 hours 1 min	118.446062334	128.127622544	119.244	136.733333333
64773	35.367941	-79.202765	35.501054	-80.665147	99.5 mi	2 hours 4 mins	131.026367529	131.728002529	99.285	145.716666667
64774	35.723808	-77.122174	36.007848	-78.080802	65.7 mi	1 hour 8 mins	65.6509727043	72.614925858	74.818	88.8
64775	35.986803	-81.069842	35.987202	-82.181768	103 mi	2 hours 3 mins	103.561409512	131.019005387	103.19	133.0
64776	35.455621	-77.670595	36.086765	-76.423647	97.8 mi	1 hour 49 mins	108.550251382	116.70954016	108.754	128.683333333
64777	36.369217	-75.824599	35.314605	-83.125107	529 mi	8 hours 28 mins	550.658108119	548.041902694	526.7971	546.416666667
64778	36.437754	-78.227725	35.829379	-76.777113	112 mi	1 hour 54 mins	120.777489041	123.55480589	113.065	135.2
64779	35.533436	-80.417268	36.414678	-80.965285	84.4 mi	1 hour 39 mins	88.767456128	107.186569101	89.106	111.116666667
64780	35.473187	-80.697713	35.047989	-79.122941	124 mi	2 hours 25 mins	143.888151929	162.896970023	143.076	171.5
64781	35.446606	-77.826380	36.084901	-75.818494	163 mi	3 hours 1 min	173.119692334	186.062345834	173.56	197.133333333
64782	36.173046	-80.348505	36.139151	-78.857085	91.7 mi	1 hour 40 mins	101.091667109	106.989045301	92.456	112.233333333
64783	36.086939	-79.083575	36.509547	-76.887679	153 mi	2 hours 49 mins	166.216778273	169.370222111	167.904	191.75
64784	35.563596	-80.643780	35.245709	-80.965539	37.2 mi	45 mins	37.1908535226	45.0112928495	37.652	46.8333333333
64785	36.169985	-80.176711	35.549011	-81.021965	77.6 mi	1 hour 20 mins	78.6813578579	86.2902438074	80.821	90.65
64786	36.049035	-79.007379	35.419048	-77.302981	128 mi	2 hours 4 mins	129.099650434	130.465579706	129.145	144.2
64787	35.353149	-78.548743	34.257251	-77.790634	103 mi	1 hour 33 mins	101.592542726	93.6218717491	103.167	108.333333333
64788	35.723607	-81.909438	35.891893	-82.067954	24.1 mi	38 mins	24.2962160628	38.9520966299	24.156	39.0833333333
64789	34.380200	-78.790852	35.205103	-77.508415	112 mi	2 hours 8 mins	148.591699354	153.991098886	110.241	153.966666667
64790	35.382481	-83.879323	35.251531	-81.844916	156 mi	2 hours 41 mins	156.242791105	162.903823128	156.576	182.083333333
64791	36.244810	-77.091784	36.301068	-76.260779	62.6 mi	1 hour 9 mins	62.7006792685	69.7319911573	62.733	76.25
64792	35.956827	-79.591737	35.742115	-79.673181	18.0 mi	25 mins	22.0996384306	25.9741048877	24.124	34.3666666667
64793	36.193983	-79.878019	36.111925	-78.526698	89.6 mi	1 hour 41 mins	89.5550212033	100.076522665	89.788	105.616666667
64794	35.022537	-79.165755	35.577382	-77.334136	131 mi	2 hours 15 mins	130.195622916	138.386871665	128.7	141.45
64795	34.884329	-76.339967	35.280359	-77.998570	126 mi	2 hours 20 mins	126.01337553	143.999971098	131.15	183.266666667
64796	35.229265	-82.051170	36.143809	-81.217157	94.1 mi	2 hours 1 min	141.519814997	157.625766254	103.249	138.1
64797	36.455822	-79.015995	36.317883	-79.071298	13.1 mi	18 mins	12.7676595912	17.8946535933	13.11	25.65
64798	35.253849	-77.612650	34.681442	-78.985211	110 mi	1 hour 56 mins	122.315265925	121.735412763	120.816	143.9
64799	35.042984	-79.121525	35.873246	-77.099948	157 mi	2 hours 29 mins	156.575185149	153.957585248	161.062	162.683333333
64800	36.174426	-80.229288	35.249820	-80.642445	80.6 mi	1 hour 19 mins	80.2335140561	82.5556265191	80.739	83.6833333333
64801	35.506513	-80.675486	35.614227	-80.867244	19.1 mi	27 mins	19.7927997759	30.4114270876	20.496	36.9166666667
64802	35.858035	-80.103747	36.063568	-81.902767	124 mi	2 hours 16 mins	123.962837587	138.774997503	124.523	143.166666667
64803	35.965595	-77.744135	36.465693	-77.684504	44.8 mi	48 mins	45.4718453948	49.6269914815	49.422	54.5833333333
64804	36.019628	-78.889941	35.022285	-80.659752	160 mi	2 hours 26 mins	158.337953317	149.930801791	158.914	155.266666667
64805	35.342224	-82.457984	35.676817	-82.087060	53.6 mi	56 mins	53.5310185678	57.4688002548	47.918	59.4
64806	34.998991	-83.382891	36.169107	-81.830700	156 mi	2 hours 57 mins	164.309174442	183.467818347	157.222	186.6
64807	33.900186	-78.440587	35.247320	-77.738376	129 mi	2 hours 10 mins	156.939941067	157.201761719	128.902	155.766666667
64808	35.336346	-81.091569	35.231662	-79.214715	123 mi	2 hours 31 mins	139.951338935	162.362185057	134.861	169.083333333
64809	35.732658	-78.455173	34.998400	-77.715025	80.3 mi	1 hour 35 mins	107.206556337	104.779170722	100.798	115.6
64810	36.340579	-80.343167	35.532527	-81.479700	104 mi	1 hour 53 mins	104.988020788	115.0442116	104.503	122.833333333
64811	35.262044	-80.988194	35.637423	-80.781802	35.9 mi	41 mins	34.4510616382	41.0505966439	34.287	43.95
64812	36.494699	-81.053869	36.231172	-81.628479	54.5 mi	1 hour 15 mins	53.4175141506	72.2649758865	54.638	76.2833333333
64813	36.178993	-79.780352	35.834231	-79.096137	60.0 mi	1 hour 12 mins	66.2828405524	72.5987996153	66.49	86.65
64814	34.753146	-77.099619	34.668431	-77.218312	18.0 mi	26 mins	17.871910759	28.5757752296	21.465	36.9333333333
64815	35.556449	-82.807210	35.650771	-80.884724	124 mi	1 hour 59 mins	123.930062592	125.61983017	130.908	134.366666667
64816	35.696381	-81.689882	36.369446	-79.915420	121 mi	2 hours 1 min	121.268264582	124.945448293	122.028	133.216666667
64817	36.335154	-78.473400	36.119765	-80.582001	135 mi	2 hours 2 mins	134.81743806	123.990120362	135.129	132.683333333
64818	36.497806	-81.530135	35.335969	-82.428380	143 mi	2 hours 58 mins	176.109851592	202.179431922	137.277	180.666666667
64819	35.864255	-77.606913	35.829776	-76.429707	82.1 mi	1 hour 22 mins	75.7326246813	82.0921216516	82.199	95.85
64820	35.453728	-76.142219	36.522246	-77.933749	174 mi	2 hours 58 mins	157.267774904	184.230507024	183.285	216.5
64821	36.203892	-79.766541	35.973008	-81.574535	121 mi	2 hours 9 mins	124.665682393	134.26475224	125.408	144.0
64822	35.131243	-76.910080	36.517925	-78.308510	156 mi	2 hours 47 mins	187.71374435	185.246498969	164.73	202.666666667
64823	34.837457	-77.509706	35.554760	-77.430600	61.1 mi	1 hour 10 mins	60.7941113457	70.9106303175	61.029	81.9333333333
64824	35.301976	-80.609210	36.343894	-80.246895	87.3 mi	1 hour 36 mins	87.0549312366	99.5163527315	92.072	111.066666667
64825	35.756670	-78.612482	35.487939	-79.502979	70.8 mi	1 hour 15 mins	64.7876660719	69.3317022896	64.953	82.25
64826	35.559438	-77.733890	35.031806	-76.878203	80.3 mi	1 hour 30 mins	79.8673253835	93.4096696764	80.436	111.216666667
64827	35.907014	-80.274176	34.636901	-79.290218	131 mi	2 hours 8 mins	144.614220131	146.340509377	127.024	142.65
64828	35.651206	-81.784370	35.081165	-83.751906	151 mi	2 hours 38 mins	150.844191166	163.972821077	151.746	177.55
64829	35.362927	-83.727570	35.495930	-76.451635	481 mi	7 hours 28 mins	490.847644735	462.700534584	480.987	498.866666667
64830	35.923588	-75.683733	35.946212	-76.130382	32.3 mi	42 mins	32.1579773004	40.494281421	34.015	45.4333333333
64831	36.485182	-79.515612	35.730064	-79.466431	64.8 mi	1 hour 5 mins	64.6751824019	70.7329646862	67.688	78.6333333333
64832	35.388522	-77.946631	36.079515	-79.165853	96.5 mi	1 hour 31 mins	98.1121176975	96.0007470814	96.583	98.6
64833	34.734206	-76.746558	35.607656	-78.516720	132 mi	2 hours 20 mins	131.788933642	144.564614001	151.966	172.833333333
64834	34.821487	-76.684037	35.660254	-77.698300	98.8 mi	1 hour 52 mins	98.7764766544	115.172333881	105.02	132.916666667
64835	35.990708	-76.975987	36.097173	-79.222345	161 mi	2 hours 24 mins	160.630953077	147.901520214	157.639	157.15
64836	35.911692	-77.877896	36.255128	-79.936628	147 mi	2 hours 25 mins	148.109331545	149.453096191	143.83	155.916666667
64837	35.331983	-82.549892	35.686244	-80.580911	138 mi	2 hours 23 mins	147.259404803	150.850511229	139.427	158.233333333
64838	36.503225	-75.928805	35.875125	-76.390116	92.4 mi	1 hour 50 mins	74.0355338609	115.20507313	74.224	116.866666667
64839	35.477705	-77.584444	35.283006	-78.636194	74.4 mi	1 hour 19 mins	81.908960537	80.9926682576	74.011	87.9166666667
64840	35.774157	-81.276917	35.354566	-81.613954	47.1 mi	1 hour 3 mins	64.8038599924	74.4685716659	47.154	81.8333333333
64841	35.333314	-79.749721	34.521009	-79.171145	83.7 mi	1 hour 21 mins	89.9587826998	86.4556057855	86.617	96.9666666667
64842	36.024187	-79.387494	34.599719	-78.644686	119 mi	2 hours 12 mins	122.228925809	140.660749827	119.28	152.4
64843	35.498137	-80.737473	35.402229	-79.575691	77.1 mi	1 hour 41 mins	99.6590781136	107.682070207	78.769	119.333333333
64844	34.908563	-79.750800	36.090731	-80.872322	138 mi	2 hours 11 mins	146.461710585	144.30872174	138.937	147.65
64845	36.002886	-78.371912	35.005242	-79.083698	99.6 mi	1 hour 48 mins	106.967697903	111.329258898	97.903	111.433333333
64846	36.556179	-81.048733	35.306374	-82.629500	193 mi	3 hours 14 mins	199.17021858	197.228953224	190.875	208.866666667
64847	35.042469	-84.171318	35.092995	-77.094180	477 mi	7 hours 34 mins	480.759878175	469.655196846	488.983	512.833333333
64848	35.450989	-77.597893	34.904132	-79.413460	132 mi	2 hours 25 mins	136.024401234	156.565956992	131.94	159.05
64849	35.828230	-80.939034	36.285126	-81.413805	64.0 mi	1 hour 20 mins	59.0894673712	75.1117459626	80.065	90.4833333333
64850	35.033374	-76.713814	36.402492	-76.273415	147 mi	2 hours 34 mins	146.72636545	157.635731767	147.219	181.633333333
64851	36.331447	-77.688109	35.870764	-77.904822	39.9 mi	42 mins	40.8099984109	45.0211444374	40.816	53.9
64852	35.379140	-77.932892	34.578783	-77.986517	73.6 mi	1 hour 12 mins	73.2778304177	76.9441553453	73.735	85.7166666667
64853	35.380107	-80.739665	35.491725	-82.959548	155 mi	2 hours 31 mins	169.069221736	162.485785621	155.679	161.116666667
64854	35.424734	-81.855318	36.136847	-80.683128	106 mi	1 hour 43 mins	106.130894573	109.553364787	108.618	118.366666667
64855	36.566940	-81.353220	34.953473	-79.808184	186 mi	3 hours 11 mins	193.312049237	200.219305677	188.226	207.25
64856	35.026470	-80.659425	35.680889	-80.358404	63.8 mi	1 hour 5 mins	63.6942747369	65.1549520094	63.824	69.25
64857	33.973443	-78.205798	35.767347	-78.013259	154 mi	2 hours 24 mins	173.691054125	158.666743389	154.222	166.783333333
64858	34.905475	-79.812891	35.076398	-78.419439	99.4 mi	1 hour 50 mins	123.869901676	123.044734594	104.144	131.4
64859	36.308333	-76.046296	34.999270	-77.234567	147 mi	2 hours 35 mins	146.57973442	161.396948994	143.922	171.283333333
64860	35.932361	-80.108562	35.687983	-81.918358	117 mi	1 hour 48 mins	116.605030938	110.814767262	116.675	114.116666667
64861	36.120494	-79.405831	36.492383	-77.864451	110 mi	1 hour 52 mins	110.079848573	116.726417872	108.437	127.75
64862	34.973276	-78.015897	35.384740	-79.235583	91.3 mi	1 hour 41 mins	96.7131495359	106.299723282	96.841	114.6
64863	35.699318	-81.189266	35.466156	-80.688424	41.4 mi	58 mins	60.5140854406	65.7827760403	47.337	62.9666666667
64864	33.934943	-78.356036	35.605790	-77.814970	151 mi	2 hours 30 mins	188.729061361	176.992408885	154.592	174.866666667
64865	35.204733	-84.115703	35.038356	-83.872767	24.2 mi	38 mins	27.9686996984	42.9328052388	23.643	55.9166666667
64866	35.358858	-79.234373	35.205481	-79.339929	13.3 mi	14 mins	13.7795096542	13.3958600618	13.343	15.3333333333
64867	36.027121	-78.953682	36.376386	-77.276839	113 mi	2 hours 3 mins	135.55159353	137.745000696	115.425	146.566666667
64868	36.482909	-79.586259	35.766315	-77.901249	143 mi	2 hours 29 mins	159.372469633	159.806467724	141.891	166.566666667
64869	36.289015	-78.113828	36.409410	-78.263775	15.2 mi	28 mins	20.6470776294	31.4330543237	20.75	35.4
64870	35.257772	-77.291295	35.410908	-76.305378	85.8 mi	1 hour 42 mins	91.0704992728	106.098543318	103.112	135.566666667
64871	35.017548	-78.903520	35.693862	-80.370521	121 mi	2 hours 18 mins	139.669854838	141.813526201	125.91	148.416666667
64872	35.514605	-80.503237	35.858177	-80.357334	35.4 mi	39 mins	36.7586292051	41.0162967698	34.638	44.5666666667
64873	35.412950	-78.053865	36.427387	-76.848693	119 mi	2 hours 4 mins	135.180834188	135.783216606	130.728	143.433333333
64874	33.940881	-78.251958	35.669783	-79.360706	155 mi	2 hours 55 mins	182.268327689	189.881509526	164.297	209.95
64875	36.196777	-79.315489	36.014905	-80.121342	60.1 mi	1 hour 6 mins	60.0448177589	65.2607319821	57.827	74.6666666667
64876	35.693216	-81.294636	34.963192	-80.038681	113 mi	2 hours 3 mins	115.796748934	128.429042632	102.676	122.05
64877	36.192209	-79.784619	36.081786	-78.167460	109 mi	1 hour 59 mins	121.468792278	129.773423801	111.956	143.366666667
64878	35.790326	-82.401216	35.306557	-83.878026	122 mi	2 hours 15 mins	121.466397936	136.224975178	120.694	153.133333333
64879	35.713135	-76.990056	36.195874	-75.757419	112 mi	2 hours 5 mins	111.967369388	128.900253414	112.125	133.583333333
64880	36.123312	-81.114241	36.318880	-80.309607	61.7 mi	1 hour 13 mins	67.9709104281	77.0742368848	68.769	80.95
64881	35.318313	-77.634960	35.025824	-76.826152	63.8 mi	1 hour 6 mins	63.4684240599	66.730580088	63.566	76.85
64882	34.062577	-77.958750	35.175903	-76.962493	119 mi	2 hours 13 mins	118.164425451	135.48289949	118.723	147.883333333
64883	35.302302	-78.031363	36.515398	-77.817491	105 mi	1 hour 38 mins	104.560775898	99.9047724543	105.258	117.516666667
64884	35.905174	-81.576089	35.612431	-80.579555	70.9 mi	1 hour 27 mins	78.1723396237	91.4361489578	76.379	103.266666667
64885	35.911863	-80.048370	35.390545	-81.235551	98.7 mi	1 hour 35 mins	98.6151240411	98.1093420095	98.849	104.533333333
64886	35.571460	-77.304165	36.443819	-78.160352	94.0 mi	1 hour 42 mins	105.457072372	112.052912519	96.273	125.6
64887	36.185880	-79.868635	35.938794	-78.818632	70.8 mi	1 hour 16 mins	70.7192695909	75.9783801231	70.905	77.9833333333
64888	35.426609	-77.774419	35.656042	-78.108455	35.4 mi	42 mins	35.4870460647	39.3173516799	39.773	52.2833333333
64889	36.039134	-81.463535	35.424664	-83.453801	146 mi	2 hours 37 mins	148.379496831	159.193199449	147.698	163.616666667
64890	35.459512	-76.046107	36.513883	-77.162201	131 mi	2 hours 35 mins	130.776565232	158.217003452	130.362	185.25
64891	33.917280	-78.385512	34.969213	-79.797743	128 mi	2 hours 8 mins	128.069841191	134.768827504	124.43	158.166666667
64892	34.275891	-78.891667	35.672195	-77.670277	154 mi	2 hours 25 mins	157.000556716	148.288318533	153.671	170.183333333
64893	34.546166	-78.670992	35.223232	-77.478614	98.3 mi	1 hour 51 mins	102.346953293	121.173995401	96.389	130.783333333
64894	35.739820	-82.589381	36.481819	-80.637901	174 mi	2 hours 40 mins	175.227414356	165.522582016	175.39	172.533333333
64895	36.536653	-79.209920	35.956915	-77.570044	122 mi	2 hours 25 mins	141.089843784	150.106774336	136.029	169.933333333
64896	35.274898	-80.699199	36.154655	-81.981133	127 mi	2 hours 24 mins	145.557980895	157.467708913	127.03	157.133333333
64897	35.220251	-83.749179	35.480313	-76.015624	513 mi	8 hours 4 mins	523.458809854	503.9832893	513.262	534.75
64898	35.544339	-81.020643	35.164666	-82.935460	148 mi	2 hours 49 mins	152.418692841	169.788644186	148.523	173.8
64899	36.059246	-78.529650	36.009110	-79.036526	39.1 mi	51 mins	41.6362050049	53.8313828321	41.271	62.7333333333
64900	35.359111	-78.087720	35.646950	-77.866625	32.4 mi	32 mins	32.2483725046	34.7816072033	32.393	46.3
64901	36.069667	-81.452572	36.517123	-81.002246	66.0 mi	1 hour 37 mins	63.3515108227	91.2625352649	79.084	104.933333333
64902	36.191005	-79.862844	36.495149	-79.877315	26.5 mi	34 mins	25.987145895	32.587360484	26.186	37.0666666667
64903	35.515644	-80.364450	35.986111	-82.185734	139 mi	2 hours 40 mins	167.441498103	181.523986115	138.058	166.666666667
64904	35.989407	-76.780969	36.438793	-76.296963	53.4 mi	55 mins	52.9297234523	56.4490788121	53.4	60.5833333333
64905	36.187530	-80.224100	36.275262	-81.760566	101 mi	1 hour 49 mins	101.076981342	112.473598369	104.578	115.933333333
64906	35.033049	-80.273511	35.038297	-78.633482	117 mi	2 hours 9 mins	132.326783071	135.162262408	114.529	145.416666667
64907	36.346707	-77.290830	36.145819	-76.687064	64.4 mi	1 hour 20 mins	65.4536678808	76.3919320355	62.663	95.1333333333
64908	34.376406	-78.262932	34.923494	-80.025464	129 mi	2 hours 3 mins	129.19694965	129.050939104	132.14	144.9
64909	35.581238	-80.429146	35.310967	-80.899613	44.6 mi	49 mins	46.7307825372	52.7149615706	49.684	54.75
64910	34.964836	-79.938346	36.415549	-78.952243	152 mi	2 hours 31 mins	151.459780618	155.323556584	159.545	174.1
64911	35.317710	-78.021439	34.741021	-76.747070	97.0 mi	1 hour 47 mins	101.258343779	111.950463619	102.392	145.516666667
64912	35.772887	-78.506160	35.719972	-79.715992	74.0 mi	1 hour 18 mins	88.6632383904	89.0256468522	74.132	84.9666666667
64913	36.440638	-77.076778	35.604450	-77.478386	76.3 mi	1 hour 21 mins	81.724336366	96.3739557056	76.493	91.65
64914	34.818213	-78.078744	36.301703	-78.780973	127 mi	2 hours 12 mins	143.463076258	151.091316134	136.618	159.166666667
64915	34.994467	-78.941200	35.909917	-79.482615	79.5 mi	1 hour 37 mins	84.6402777539	99.6123619441	85.426	107.3
64916	35.798204	-81.578994	35.391087	-83.184280	110 mi	1 hour 53 mins	114.849805141	116.637037562	114.988	122.3
64917	36.140775	-80.161626	36.434891	-81.578124	107 mi	1 hour 57 mins	101.940414349	117.038868571	106.958	121.75
64918	35.214474	-83.333468	36.189522	-81.647389	161 mi	2 hours 54 mins	162.855376321	178.71074496	151.043	180.766666667
64919	35.904234	-75.678561	36.208251	-76.176029	73.7 mi	1 hour 30 mins	73.6218223345	94.9839339674	74.125	97.6333333333
64920	35.460896	-77.776161	35.006015	-76.762119	85.5 mi	1 hour 37 mins	85.457386023	99.484094166	85.638	115.583333333
64921	35.732673	-79.219437	34.647725	-78.053109	137 mi	2 hours 7 mins	133.537949348	128.980630597	134.071	141.1
64922	35.303643	-79.752840	35.892143	-80.478007	69.5 mi	1 hour 13 mins	69.4200201197	75.6114868782	69.618	82.5
64923	35.403192	-77.835238	35.852592	-77.433885	52.5 mi	1 hour 1 min	50.2987646865	67.6439445275	49.885	77.1
64924	36.507180	-76.093475	35.803530	-78.086061	160 mi	2 hours 40 mins	160.138629452	166.737908573	162.497	181.166666667
64925	36.446232	-81.521399	36.032341	-81.932914	52.8 mi	1 hour 13 mins	52.7162386587	73.6816879804	53.24	72.75
64926	36.328646	-79.613793	36.211102	-81.056149	102 mi	1 hour 38 mins	109.783348839	109.19022663	108.943	119.65
64927	35.397654	-78.154154	35.727802	-76.951499	99.7 mi	1 hour 40 mins	101.88942603	103.793687758	99.113	120.916666667
64928	35.174337	-79.403142	34.398635	-79.049871	74.1 mi	1 hour 20 mins	77.8561061051	81.779572799	76.686	104.1
64929	34.474209	-78.854677	35.540993	-78.639539	90.1 mi	1 hour 32 mins	89.803235142	93.859218405	91.652	110.433333333
64930	34.813551	-77.460930	36.172839	-76.073237	167 mi	3 hours 6 mins	179.695202055	205.036382082	171.875	209.233333333
64931	34.781514	-77.362141	34.584301	-78.242796	61.4 mi	1 hour 18 mins	62.922566013	74.4535177902	63.09	109.683333333
64932	35.688097	-77.457838	35.835054	-76.736435	56.7 mi	59 mins	56.7109304801	61.5439149205	60.984	72.6166666667
64933	36.098179	-76.907377	36.149820	-76.318641	46.9 mi	54 mins	44.8658366479	51.304854564	46.96	76.05
64934	35.764402	-78.471422	36.354849	-76.559633	147 mi	2 hours 26 mins	150.642426209	148.48361062	153.885	167.683333333
64935	36.045571	-78.538970	35.095592	-77.338001	110 mi	2 hours 0 mins	116.520028661	123.199580188	111.849	147.683333333
64936	36.329000	-80.336601	35.381803	-80.809892	89.3 mi	1 hour 30 mins	87.9028372699	95.2100609268	91.67	98.05
64937	35.510183	-79.854399	34.814142	-79.552465	66.4 mi	1 hour 9 mins	65.975804475	71.1897146929	62.625	75.4
64938	35.158537	-78.906886	35.871070	-80.139100	107 mi	1 hour 54 mins	109.710595479	116.865646447	106.739	124.4
64939	35.286757	-83.299927	35.309226	-83.186917	11.6 mi	19 mins	11.6579554206	17.2958851407	12.874	21.4166666667
64940	35.502935	-80.738186	35.451033	-79.214602	124 mi	1 hour 59 mins	131.321563063	126.48769904	114.67	139.65
64941	35.030575	-83.725170	36.293185	-76.147118	513 mi	7 hours 53 mins	535.446546162	522.588187354	502.137	515.733333333
64942	35.801409	-81.314786	35.389302	-83.442909	153 mi	2 hours 36 mins	153.440743103	159.813764558	152.419	168.183333333
64943	36.377649	-78.798932	36.304064	-78.608213	14.9 mi	20 mins	15.511193758	23.0298645205	14.907	25.2333333333
64944	36.124556	-78.838473	34.019768	-78.463087	182 mi	3 hours 5 mins	198.465921928	196.254189794	205.968	218.966666667
64945	36.407227	-79.343657	35.882640	-78.004289	112 mi	1 hour 50 mins	110.031012961	118.900938996	105.021	134.133333333
64946	35.027547	-78.508726	35.876122	-80.561444	149 mi	2 hours 57 mins	188.746448022	182.479079003	156.858	200.183333333
64947	35.544504	-81.207377	35.492077	-79.886371	107 mi	2 hours 2 mins	135.872189721	135.44807716	113.598	134.416666667
64948	35.915866	-80.391365	36.063265	-81.983761	113 mi	2 hours 13 mins	118.478235403	141.196923592	118.681	151.616666667
64949	36.476227	-76.062400	36.394569	-76.545507	37.8 mi	49 mins	43.6234296654	56.2933246273	44.024	63.0166666667
64950	34.234518	-78.796619	34.896980	-78.321731	61.2 mi	1 hour 14 mins	61.3550419752	77.3183680294	61.676	88.5166666667
64951	35.464207	-82.882929	36.222269	-81.094507	130 mi	2 hours 30 mins	147.591340002	162.750203759	132.115	162.45
64952	36.271091	-78.910686	34.792694	-79.561686	126 mi	2 hours 13 mins	134.730872045	151.101515826	128.388	164.6
64953	36.267109	-79.120612	35.550802	-77.424167	131 mi	2 hours 11 mins	131.461444591	135.044736578	133.487	158.85
64954	35.256396	-79.731782	35.073413	-78.355918	99.0 mi	1 hour 58 mins	145.336978197	145.268766706	112.674	144.416666667
64955	34.146311	-77.876679	34.781753	-77.363620	65.0 mi	1 hour 16 mins	64.072522534	76.2428872311	61.53	80.0166666667
64956	35.587979	-82.640158	35.681320	-82.107130	36.0 mi	45 mins	36.0032349274	45.0306123422	35.982	47.05
64957	35.039480	-79.932334	36.224540	-81.595276	177 mi	3 hours 4 mins	176.678818339	200.870599604	177.153	204.566666667
64958	36.468754	-76.029812	36.081185	-76.430572	45.1 mi	54 mins	44.9300126834	62.0863105987	45.188	70.0166666667
64959	35.409251	-80.538503	35.299432	-79.916420	40.9 mi	58 mins	40.8177932989	54.2766106471	40.996	64.2333333333
64960	35.166091	-83.435758	36.275262	-81.760566	159 mi	3 hours 1 min	177.456820115	199.066823676	159.131	187.766666667
64961	35.826900	-76.820359	35.905662	-77.926621	72.8 mi	1 hour 5 mins	72.9146178808	67.4115525891	72.914	70.8
64962	36.055787	-76.664759	35.227251	-83.621463	470 mi	7 hours 14 mins	473.933980115	449.066229153	466.957	471.916666667
64963	36.018358	-82.421757	35.028628	-83.804487	143 mi	2 hours 35 mins	142.323923584	159.355183891	142.964	168.883333333
64964	35.552084	-77.253104	35.964572	-76.261408	76.8 mi	1 hour 27 mins	81.4883724826	98.2409688451	77.482	100.766666667
64965	35.994969	-81.269783	34.916472	-79.758233	154 mi	2 hours 40 mins	145.211454612	174.601318814	145.28	177.966666667
64966	34.744995	-76.738874	36.305322	-77.163749	132 mi	2 hours 29 mins	131.4785155	151.1860313	132.644	172.683333333
64967	35.225564	-80.226650	35.301874	-79.253418	70.2 mi	1 hour 24 mins	70.0594093678	86.9863246024	70.291	95.0166666667
64968	36.146377	-80.370070	35.426921	-79.235504	100 mi	1 hour 40 mins	99.904123697	101.366018983	97.893	112.5
64969	35.026323	-80.662662	36.386903	-80.388792	120 mi	2 hours 0 mins	119.514041961	124.776792475	119.777	130.25
64970	35.575354	-80.919304	35.453812	-79.246760	121 mi	2 hours 18 mins	147.153545443	144.241697446	125.135	157.55
64971	35.776341	-77.171652	36.177869	-76.278612	69.7 mi	1 hour 20 mins	69.8205107789	83.6746967571	69.852	95.2333333333
64972	35.523149	-80.925803	34.976232	-79.740012	98.4 mi	2 hours 10 mins	107.014496122	131.649386481	108.105	136.133333333
64973	35.628556	-82.169286	36.425704	-80.771679	126 mi	1 hour 55 mins	125.966349929	118.788439091	126.156	123.583333333
64974	36.159495	-80.194688	34.748646	-79.340767	145 mi	2 hours 16 mins	138.362552089	137.304959425	141.69	145.983333333
64975	35.849381	-82.733536	35.433833	-83.361052	81.7 mi	1 hour 24 mins	81.583586144	86.0317635837	82.152	90.25
64976	35.172655	-82.944988	35.280868	-82.687568	25.1 mi	44 mins	23.9087060102	41.7781341234	25.118	46.2666666667
64977	35.509756	-82.796512	35.432841	-80.989193	129 mi	2 hours 11 mins	128.852572148	134.898905194	129.996	143.95
64978	35.964009	-77.602447	36.409804	-78.271497	62.1 mi	1 hour 18 mins	68.4219412	86.2873433764	64.647	100.383333333
64979	36.049133	-79.660909	36.142639	-80.894481	73.5 mi	1 hour 7 mins	73.4419860058	68.490740927	74.007	73.7666666667
64980	36.263170	-78.564822	35.031972	-78.399208	99.3 mi	1 hour 51 mins	102.659647124	117.756035901	110.921	132.133333333
64981	36.031576	-77.152311	36.174290	-77.424313	30.5 mi	41 mins	30.2765420626	37.6068301977	30.519	50.0166666667
64982	35.120438	-76.909980	34.986710	-78.328692	98.3 mi	1 hour 46 mins	99.0232706719	110.587315836	0	0.0
64983	35.821780	-77.583341	36.427387	-76.848693	67.7 mi	1 hour 12 mins	69.0886260067	82.5999332865	71.639	81.5666666667
64984	35.014659	-78.907070	35.544534	-78.545686	49.8 mi	50 mins	47.6711866348	50.6977678722	47.95	53.8166666667
64985	36.029321	-77.006550	36.522630	-78.244535	95.0 mi	1 hour 58 mins	93.9983166486	122.740685754	109.215	154.033333333
64986	36.482178	-76.145946	36.176119	-75.848033	30.8 mi	36 mins	30.5722079981	35.1056260611	30.707	40.9833333333
64987	35.355110	-81.085593	36.311695	-80.349650	101 mi	1 hour 51 mins	106.861382354	115.134862485	106.573	118.933333333
64988	35.070338	-83.735276	35.262899	-75.592965	590 mi	9 hours 29 mins	593.716578318	584.253160779	578.791	620.35
64989	35.906292	-81.206259	36.255859	-80.878657	42.1 mi	53 mins	40.8372304492	55.5158154489	54.026	62.8
64990	35.494097	-78.794482	35.551450	-77.386101	93.4 mi	1 hour 43 mins	99.6162120947	105.164409564	102.31	120.65
64991	36.174290	-77.424313	36.461330	-77.198060	31.6 mi	44 mins	30.8216900983	41.8970444529	31.107	49.5333333333
64992	36.120791	-76.964143	34.281805	-77.836789	165 mi	3 hours 0 mins	166.56840373	185.187528435	158.834	188.2
64993	35.256525	-77.777884	35.015667	-77.715610	21.4 mi	30 mins	24.6076623677	36.6206497429	24.581	45.0833333333
64994	36.316776	-78.598085	35.873421	-80.534434	133 mi	2 hours 4 mins	131.722114824	128.077032962	128.694	140.516666667
64995	36.534201	-81.021725	35.748583	-80.752003	78.4 mi	1 hour 20 mins	78.2860501679	81.1897093396	78.478	88.55
64996	35.244836	-78.876441	36.227647	-80.519720	135 mi	2 hours 26 mins	143.930984828	154.675407771	137.446	170.166666667
64997	35.533611	-77.595998	35.377366	-77.667342	13.2 mi	18 mins	13.1708701041	16.8545848054	13.223	18.0333333333
