ODIndex	originLat	originLng	destinationLat	destinationLng	GoogleMile	GoogleMin	ArcGISMile	ArcGISMin	OSMMile	OSMMin
54299	36.446427	-76.325440	35.367786	-83.211091	435 mi	7 hours 4 mins	472.211861055	455.052841657	463.289	452.766666667
54300	35.714966	-82.702256	35.834644	-75.618736	456 mi	7 hours 0 mins	459.883669911	435.455606493	444.761	467.466666667
54301	36.320213	-76.176585	35.024123	-83.743126	512 mi	7 hours 52 mins	518.893558492	493.0114433	509.662	508.9
54302	36.256305	-75.891031	35.398615	-83.627233	514 mi	7 hours 53 mins	531.06122457	508.847245278	511.827	509.683333333
54303	35.174742	-83.360749	36.426913	-76.390504	453 mi	7 hours 23 mins	486.323969128	467.179901186	456.396	483.55
54304	36.464704	-77.137426	35.311928	-83.887421	440 mi	7 hours 15 mins	468.210510808	456.212660823	444.694	485.583333333
54305	35.040126	-83.817079	36.481742	-76.279065	526 mi	8 hours 4 mins	529.777645084	514.249084084	516.049	532.15
54306	35.079366	-77.040307	35.039996	-83.958710	474 mi	7 hours 26 mins	476.138167878	461.625172623	474.4901	484.9
54307	35.299387	-83.800373	35.873165	-76.449855	482 mi	7 hours 26 mins	486.390500407	461.308746139	476.4409	491.516666667
54308	35.110476	-75.984809	35.142730	-82.879328	558 mi	9 hours 58 mins	562.979924911	587.534523939	551.354	606.366666667
54309	36.168456	-75.839849	35.349351	-83.464514	515 mi	8 hours 3 mins	531.571670517	517.071638954	512.634	520.983333333
54310	35.196137	-83.832698	35.333498	-75.505743	573 mi	9 hours 4 mins	578.056648124	560.727648706	562.418	585.266666667
54311	36.053905	-76.568894	35.199129	-83.340672	453 mi	6 hours 52 mins	455.509340153	428.082624964	449.539	443.65
54312	35.038460	-83.754990	35.180455	-76.968034	466 mi	7 hours 20 mins	469.977254499	454.762058954	466.956	485.666666667
54313	35.220305	-83.128899	36.247077	-76.137353	481 mi	7 hours 30 mins	487.636090408	468.259542793	470.2829	487.666666667
54314	34.798686	-76.848110	35.029781	-84.051465	500 mi	8 hours 3 mins	502.894474029	497.997200039	509.469	536.683333333
54315	35.214694	-75.697693	35.154509	-83.391788	565 mi	8 hours 58 mins	568.87737997	555.810084353	562.374	579.65
54316	35.459512	-76.046107	35.088503	-83.399848	499 mi	7 hours 54 mins	509.684076261	491.635345607	499.076	523.033333333
54317	35.177633	-83.925260	36.299536	-76.241697	511 mi	7 hours 51 mins	517.092950636	489.668675139	500.07	509.35
54318	35.043721	-84.141387	35.259332	-75.584456	606 mi	9 hours 40 mins	609.931656709	598.520476784	594.605	627.033333333
54319	35.965153	-76.239794	35.018586	-83.715694	497 mi	7 hours 36 mins	501.44146443	476.801368645	494.659	495.133333333
54320	35.239038	-83.330589	36.009477	-75.679249	507 mi	7 hours 44 mins	540.334473475	525.506581969	496.395	506.216666667
54321	35.145009	-83.308076	36.202687	-76.514425	467 mi	7 hours 6 mins	471.870333391	440.435331331	456.196	466.766666667
54322	35.339782	-83.746683	35.455271	-76.023396	513 mi	8 hours 6 mins	523.28966255	502.437068926	513.304	544.333333333
54323	35.919904	-75.661555	35.094078	-83.695237	539 mi	8 hours 29 mins	543.564922592	526.849523717	536.649	553.633333333
54324	35.584136	-77.085770	34.999849	-84.303506	478 mi	7 hours 24 mins	482.072842784	460.270633174	481.379	489.266666667
54325	35.389302	-83.442909	35.464289	-76.487327	469 mi	7 hours 24 mins	479.159082888	455.388421136	468.834	492.4
54326	35.144336	-84.086140	36.433187	-76.632123	492 mi	8 hours 11 mins	519.422429539	513.118506286	494.157	538.366666667
54327	35.352255	-75.510529	35.440652	-83.006684	511 mi	7 hours 57 mins	515.105936909	492.966877408	508.458	515.2
54328	36.445957	-76.326953	35.024568	-83.667052	481 mi	7 hours 51 mins	518.083241157	501.792790622	509.426	503.55
54329	35.040119	-84.163146	35.066428	-77.355769	465 mi	7 hours 25 mins	467.632455214	459.686031264	468.459	481.05
54330	35.095438	-83.971936	36.540393	-77.021837	462 mi	7 hours 39 mins	483.363671422	473.883938542	463.596	497.033333333
54331	35.442029	-76.279121	35.321300	-83.601146	483 mi	7 hours 29 mins	493.331205054	469.221797915	482.829	491.766666667
54332	35.181565	-83.908030	35.865996	-76.750267	467 mi	7 hours 7 mins	471.211391049	444.638096056	456.057	462.233333333
54333	35.022955	-84.099335	34.995887	-77.280491	469 mi	7 hours 28 mins	471.906848571	464.973552394	472.504	485.566666667
54334	36.170315	-76.228242	35.410626	-83.480657	483 mi	7 hours 24 mins	489.532395542	467.26122112	480.052	493.883333333
54335	35.099171	-84.032187	36.359463	-76.771396	476 mi	7 hours 52 mins	506.325058186	500.27850329	479.778	515.983333333
54336	35.326754	-75.507431	35.287689	-83.284220	535 mi	8 hours 19 mins	539.40333398	515.742758406	532.75	537.633333333
54337	36.503015	-76.088010	35.266611	-83.473612	506 mi	7 hours 58 mins	512.154916333	506.032245232	500.976	519.683333333
54338	35.002513	-83.878624	35.817485	-77.172102	447 mi	6 hours 50 mins	451.169951193	424.574088662	436.016	446.266666667
54339	36.054053	-76.663953	35.350665	-83.788295	472 mi	7 hours 13 mins	476.554556941	448.382152566	469.8391	474.95
54340	35.133418	-83.149420	36.230359	-76.142771	478 mi	7 hours 46 mins	497.680943304	483.427663479	466.53	502.533333333
54341	35.425068	-83.477071	36.194986	-75.757041	525 mi	8 hours 12 mins	545.182176914	537.177660756	514.541	534.866666667
54342	35.349382	-75.509174	35.155680	-83.570522	558 mi	8 hours 50 mins	562.321266382	547.128604169	555.901	574.25
54343	35.343251	-83.818256	36.408583	-76.653191	466 mi	7 hours 40 mins	498.911208281	485.139375273	468.692	510.466666667
54344	35.101391	-83.952503	35.877526	-76.714066	476 mi	7 hours 19 mins	480.383146103	455.739336109	465.544	476.916666667
54345	34.882733	-76.924190	35.321134	-83.800630	467 mi	7 hours 18 mins	469.297533047	453.206080072	472.899	481.7
54346	35.864857	-76.397963	35.084748	-83.752731	491 mi	7 hours 34 mins	495.211850577	472.014754586	488.466	493.833333333
54347	35.031658	-83.725685	35.290431	-76.558692	493 mi	7 hours 50 mins	495.022065224	483.237467302	490.468	521.983333333
54348	35.280595	-83.263073	36.351530	-76.177633	474 mi	7 hours 15 mins	495.324046941	481.06433899	0	0.0
54349	35.021045	-84.251001	36.381551	-76.729855	491 mi	8 hours 3 mins	520.615198717	511.418725763	494.218	526.666666667
54350	35.007469	-83.836198	35.953069	-76.471123	491 mi	7 hours 36 mins	496.550235646	472.572477042	480.059	497.15
54351	35.054317	-83.819653	36.081014	-76.622519	486 mi	7 hours 25 mins	489.839138398	460.676909517	474.696	484.533333333
54352	35.149845	-84.246292	35.820797	-77.354873	461 mi	7 hours 19 mins	465.498109379	451.642680254	450.48	475.466666667
54353	35.208599	-83.123647	35.514524	-75.996169	496 mi	7 hours 57 mins	505.678158889	492.711533641	491.988	518.233333333
54354	35.335538	-75.505229	35.440652	-83.006684	512 mi	7 hours 57 mins	515.854697099	493.852286929	509.233	516.166666667
54355	35.580024	-82.944867	36.158319	-75.741156	484 mi	7 hours 26 mins	503.964912409	488.87931866	473.0821	483.933333333
54356	35.486559	-76.959029	35.087193	-84.018388	469 mi	7 hours 18 mins	472.231552968	455.383554485	472.169	484.216666667
54357	35.111333	-83.004762	35.947210	-76.291305	452 mi	7 hours 12 mins	473.311051849	467.382709948	441.421	463.616666667
54358	35.155289	-83.433136	36.264712	-76.226384	484 mi	7 hours 22 mins	489.951748458	460.495506237	472.867	484.833333333
54359	35.329722	-83.232754	35.397935	-76.302787	458 mi	7 hours 11 mins	467.865267936	446.25881435	458.013	475.416666667
54360	35.452420	-83.058340	36.309430	-76.254472	446 mi	6 hours 40 mins	451.96356395	415.079446568	433.873	434.583333333
54361	36.100112	-75.711118	35.270063	-83.731534	542 mi	8 hours 25 mins	563.308262724	550.70847767	539.172	542.0
54362	36.298645	-76.042808	35.266611	-83.473612	501 mi	7 hours 52 mins	525.737691991	514.735551092	495.786	514.033333333
54363	34.741217	-76.624861	35.278489	-83.442324	472 mi	7 hours 30 mins	480.424237551	474.160017763	472.421	491.433333333
54364	34.721240	-76.683287	35.003740	-83.671033	492 mi	7 hours 52 mins	494.86311874	489.612255598	492.286	509.766666667
54365	35.406593	-83.124536	36.389501	-76.396216	430 mi	6 hours 57 mins	462.802199568	444.3738213	450.972	458.416666667
54366	34.701740	-76.570391	35.198165	-83.834448	504 mi	8 hours 5 mins	507.180243435	501.8214679	503.539	534.966666667
54367	35.436762	-76.786303	35.026432	-83.694905	465 mi	7 hours 11 mins	468.703974023	447.896346967	462.014	470.75
54368	34.698892	-76.569421	35.022252	-83.671046	501 mi	8 hours 0 mins	504.916759923	496.066406185	501.671	530.933333333
54369	36.277999	-76.112685	35.085937	-83.399874	496 mi	7 hours 41 mins	503.281628871	478.998213726	494.107	497.566666667
54370	36.215276	-76.608100	35.066487	-84.287277	528 mi	8 hours 21 mins	528.267572938	514.807481236	527.439	554.783333333
54371	35.024342	-83.665126	36.381551	-76.729855	459 mi	7 hours 27 mins	488.497442734	473.732889028	462.1411	491.033333333
54372	35.077060	-83.847176	36.468840	-76.672265	477 mi	7 hours 53 mins	503.594763161	496.830137764	479.385	520.783333333
54373	35.218701	-75.686164	35.285430	-83.788847	588 mi	9 hours 24 mins	592.482779251	581.479637529	586.357	607.966666667
54374	35.497222	-77.049111	35.057968	-83.812243	461 mi	7 hours 7 mins	465.001735004	442.389550212	458.101	467.5
54375	36.026206	-76.581895	35.074312	-83.359430	467 mi	7 hours 9 mins	469.968872557	447.846831785	463.896	464.233333333
54376	35.171361	-83.916275	36.249415	-75.872597	541 mi	8 hours 26 mins	556.10525317	542.590050442	530.467	547.6
54377	36.342340	-76.655944	35.437934	-83.438874	437 mi	7 hours 8 mins	474.888429334	445.418824326	465.0591	467.783333333
54378	36.244264	-75.866340	35.380575	-83.264563	489 mi	7 hours 29 mins	505.446819222	483.536146241	486.146	481.6
54379	36.259731	-76.100533	35.063890	-83.010515	474 mi	7 hours 37 mins	497.825598633	491.22055327	471.335	486.183333333
54380	36.514399	-76.242593	35.037395	-83.755086	495 mi	8 hours 6 mins	529.522829223	509.893840014	523.903	533.3
54381	35.034983	-83.842326	36.306695	-77.049032	460 mi	7 hours 14 mins	472.290563725	454.0970172	462.12	475.683333333
54382	35.337795	-83.200174	35.953069	-76.471123	435 mi	6 hours 37 mins	441.007269222	412.522659993	424.473	430.616666667
54383	36.240610	-75.870147	35.373018	-83.699512	521 mi	8 hours 1 min	537.631546531	516.652205413	518.475	520.75
54384	36.515459	-76.241535	35.268413	-83.381857	467 mi	7 hours 42 mins	496.446791081	480.247207494	497.202	517.683333333
54385	35.279848	-76.826924	35.355390	-83.824182	472 mi	7 hours 21 mins	485.855848961	464.841393102	469.382	490.116666667
54386	35.553146	-75.468865	35.729713	-82.760782	484 mi	7 hours 34 mins	487.98794793	473.465598741	481.385	496.216666667
54387	35.174256	-83.926523	35.776341	-77.171652	445 mi	6 hours 52 mins	449.731062693	428.440185897	434.603	447.966666667
54388	35.910721	-75.672432	35.511652	-83.065370	467 mi	7 hours 4 mins	471.236796595	441.409479693	464.23	456.983333333
54389	35.194748	-83.841636	35.925078	-77.006378	450 mi	6 hours 52 mins	454.277347374	426.584269647	438.162	443.05
54390	35.044088	-83.940650	35.835306	-76.733889	480 mi	7 hours 25 mins	484.425259029	459.148833213	469.3029	486.533333333
54391	36.419359	-76.258761	35.161923	-84.034418	511 mi	8 hours 33 mins	550.352406941	547.392734844	545.5211	567.183333333
54392	35.080035	-83.752834	36.368948	-76.597557	476 mi	7 hours 53 mins	512.405258897	489.704584291	477.5551	519.633333333
54393	34.798059	-76.456457	35.041197	-83.224924	496 mi	8 hours 4 mins	500.326832672	504.190535965	478.722	523.35
54394	35.319763	-83.798887	34.996817	-76.816113	474 mi	7 hours 27 mins	478.088655118	461.351093652	474.91	493.3
54395	36.420106	-75.966526	35.048608	-83.734123	530 mi	8 hours 18 mins	541.411981703	529.065097663	530.251	541.683333333
54396	35.710864	-76.113217	35.335882	-83.813654	508 mi	7 hours 53 mins	511.786372083	488.472091006	505.062	521.366666667
54397	35.553232	-75.467766	35.031581	-83.808670	565 mi	8 hours 49 mins	568.678092826	547.08724527	562.152	569.333333333
54398	35.005998	-84.065774	36.162242	-76.684020	509 mi	7 hours 51 mins	513.084829215	489.664787859	497.818	513.8
54399	36.435281	-76.298850	35.060721	-83.749712	490 mi	8 hours 4 mins	530.107193945	516.810257733	518.3911	522.1
54400	35.210942	-83.361051	35.479719	-76.014669	488 mi	7 hours 37 mins	499.172776935	474.542940534	488.443	508.483333333
54401	35.431688	-83.709220	36.213025	-76.707286	481 mi	7 hours 24 mins	485.560452439	461.012574143	470.642	492.016666667
54402	35.021806	-83.747673	36.518055	-76.637425	475 mi	7 hours 49 mins	486.24786199	474.872655632	490.307	510.733333333
54403	35.143008	-83.489905	36.239092	-76.589802	471 mi	7 hours 13 mins	475.399493124	447.568688825	460.165	475.083333333
54404	34.962614	-76.917787	35.040151	-83.955723	486 mi	7 hours 41 mins	486.201532744	475.670895959	486.603	503.583333333
54405	35.412275	-76.335919	35.310078	-83.854282	501 mi	7 hours 55 mins	511.342587837	492.084816215	499.9291	522.966666667
54406	36.083228	-76.437946	34.994847	-83.893281	502 mi	7 hours 45 mins	506.329203598	486.09937763	499.545	508.633333333
54407	36.282645	-77.018462	35.039840	-83.817953	465 mi	7 hours 10 mins	473.369960276	448.365320398	466.395	466.416666667
54408	35.408790	-76.209262	35.153028	-83.437053	486 mi	7 hours 42 mins	496.511506291	477.12843321	486.164	503.45
54409	36.192021	-77.237023	35.019138	-84.214812	469 mi	7 hours 25 mins	484.342142792	465.100589936	485.042	492.85
54410	34.725567	-76.571084	35.138416	-83.486067	480 mi	7 hours 36 mins	484.436309596	471.798136495	481.026	503.166666667
54411	35.572994	-76.579469	35.439955	-83.467537	447 mi	6 hours 55 mins	450.791195365	432.911209081	446.864	453.883333333
54412	34.694024	-76.546044	35.414464	-83.448644	474 mi	7 hours 33 mins	478.128324215	467.639546455	474.74	501.816666667
54413	35.362066	-75.501601	35.126992	-82.695826	513 mi	8 hours 14 mins	523.079516333	510.066612185	510.8459	526.966666667
54414	35.016304	-84.190514	36.476227	-76.062400	550 mi	8 hours 34 mins	557.248928418	543.681787783	538.816	560.333333333
54415	35.437616	-83.747623	36.430829	-76.797722	452 mi	7 hours 26 mins	482.330207435	467.925168214	456.811	489.866666667
54416	35.330637	-83.767765	36.522825	-76.788948	453 mi	7 hours 17 mins	468.311640533	448.832790305	456.146	482.066666667
54417	35.008997	-83.703324	35.930944	-76.246771	495 mi	7 hours 36 mins	499.052924802	471.477966961	483.924	496.933333333
54418	35.166274	-83.370957	36.179463	-76.301182	474 mi	7 hours 14 mins	480.356213315	448.498681859	465.31	476.133333333
54419	35.987000	-77.015923	35.080468	-83.811053	469 mi	7 hours 15 mins	473.071761126	449.75153335	466.329	475.1
54420	36.512201	-76.126273	35.439210	-83.437797	469 mi	7 hours 43 mins	496.008336697	478.746839289	492.1741	500.833333333
54421	35.123463	-83.394804	36.202988	-76.369110	474 mi	7 hours 10 mins	477.207095115	446.103192205	461.641	468.666666667
54422	35.084475	-84.024428	35.031806	-76.878203	486 mi	7 hours 42 mins	489.57311042	479.24546731	486.763	503.433333333
54423	35.148078	-84.066215	36.369462	-75.823061	589 mi	9 hours 33 mins	607.731465873	616.923815885	577.8459	624.466666667
54424	36.506186	-76.846794	35.208576	-83.639064	456 mi	7 hours 32 mins	475.764383299	466.32866775	477.689	506.266666667
54425	35.116807	-84.089585	35.768732	-77.246314	455 mi	7 hours 3 mins	457.80012977	437.809411773	443.331	463.666666667
54426	35.286922	-83.628028	35.011172	-76.822397	473 mi	7 hours 34 mins	473.546693018	465.728217166	469.825	488.366666667
54427	36.512201	-76.126273	35.242317	-83.082220	466 mi	7 hours 51 mins	493.067823452	483.740105328	489.16	505.666666667
54428	36.408580	-76.361264	35.356496	-83.837876	482 mi	7 hours 53 mins	518.50698701	502.784601511	510.588	513.75
54429	35.434292	-83.455660	35.933473	-76.613941	442 mi	6 hours 44 mins	445.10813458	415.613406522	430.81	436.433333333
54430	36.435281	-76.298850	35.454072	-83.406200	452 mi	7 hours 22 mins	491.809037457	472.053167216	475.272	477.083333333
54431	36.442135	-76.326429	35.081165	-83.751906	490 mi	8 hours 6 mins	526.226278474	515.895013782	517.579	522.233333333
54432	35.054317	-83.819653	34.961209	-76.932093	475 mi	7 hours 29 mins	478.354527118	463.50252651	475.045	493.15
54433	35.128802	-76.916297	35.062472	-83.813714	473 mi	7 hours 26 mins	476.358981944	461.201353307	473.077	485.433333333
54434	35.154827	-84.254384	34.715293	-77.298612	506 mi	8 hours 6 mins	507.490322744	504.32419374	506.75	523.45
54435	36.011934	-75.677835	35.189245	-82.759505	478 mi	7 hours 30 mins	518.069720587	509.189153493	474.928	482.666666667
54436	35.171361	-83.916275	36.467568	-76.034175	531 mi	8 hours 15 mins	538.721771506	523.773179366	520.171	538.066666667
54437	35.328856	-75.508555	35.527444	-82.823285	497 mi	7 hours 46 mins	501.227028601	480.111431835	495.657	503.133333333
54438	35.038460	-83.754990	36.226751	-76.701607	493 mi	7 hours 36 mins	496.878034365	473.053190314	481.891	501.116666667
54439	36.026523	-76.579932	35.305782	-83.788668	480 mi	7 hours 23 mins	483.757400658	460.24448227	480.6981	479.166666667
54440	35.312487	-83.166125	36.329097	-76.246853	465 mi	7 hours 5 mins	483.01426975	467.903498486	455.015	467.783333333
54441	36.438696	-76.592316	35.445662	-83.426681	438 mi	7 hours 7 mins	469.214094982	449.481956715	461.261	463.95
54442	36.346704	-75.952218	35.396413	-83.209768	476 mi	7 hours 19 mins	492.746888931	472.474895583	473.619	471.033333333
54443	35.479719	-76.014669	35.216351	-82.857047	467 mi	7 hours 35 mins	480.35663067	471.869180355	466.5959	496.233333333
54444	36.340544	-77.023005	35.329427	-83.809967	440 mi	7 hours 5 mins	462.985382058	444.651791924	462.428	468.833333333
54445	36.250290	-76.258421	35.370930	-83.690639	489 mi	7 hours 25 mins	496.516003323	465.557731518	486.856	485.65
54446	35.381024	-83.469627	36.317212	-76.175729	482 mi	7 hours 19 mins	504.758091004	489.189947652	470.921	476.816666667
54447	35.027189	-83.717329	36.404343	-77.037421	442 mi	7 hours 8 mins	469.395891727	449.285616956	446.05	467.033333333
54448	35.014692	-84.277969	36.375553	-77.229914	460 mi	7 hours 31 mins	491.838593165	473.492275681	469.24	491.916666667
54449	35.076466	-84.025920	35.834006	-76.722875	481 mi	7 hours 24 mins	483.95602549	460.50092909	469.369	481.083333333
54450	36.253713	-76.616846	35.278489	-83.442324	469 mi	7 hours 15 mins	476.558566794	456.719132505	464.797	473.383333333
54451	36.164710	-75.865136	35.103721	-83.487994	523 mi	8 hours 12 mins	539.304358054	524.779105465	520.3851	526.816666667
54452	34.888937	-76.334215	35.118977	-83.892398	534 mi	8 hours 45 mins	536.35435049	539.895967644	539.395	580.35
54453	35.228207	-75.629141	34.997850	-83.970070	604 mi	9 hours 47 mins	610.059165331	604.503408519	602.165	633.833333333
54454	34.696985	-76.558131	35.206516	-83.828710	503 mi	8 hours 3 mins	506.980857492	500.965746816	539.835	575.816666667
54455	36.185324	-76.556327	35.381148	-83.863366	499 mi	7 hours 40 mins	501.221089076	475.192428387	493.492	508.616666667
54456	36.385615	-76.702503	35.394133	-83.517481	434 mi	7 hours 5 mins	468.098717691	446.62895072	457.619	463.033333333
54457	35.893272	-76.644597	35.428213	-83.717383	462 mi	7 hours 4 mins	465.562266456	440.551121985	459.7781	464.3
54458	36.338900	-76.971375	35.285864	-83.845141	464 mi	7 hours 14 mins	470.201784364	458.783702971	465.6291	478.583333333
54459	35.018509	-83.855684	36.366731	-76.608141	479 mi	7 hours 51 mins	515.867975989	490.031733683	480.7631	516.183333333
54460	35.002092	-83.919495	35.465370	-76.441507	508 mi	8 hours 3 mins	520.142285996	501.916387205	508.157	534.683333333
54461	35.071779	-83.352632	36.124896	-76.502961	468 mi	7 hours 7 mins	472.676913365	442.473577756	457.463	466.7
54462	36.265984	-76.035733	35.031533	-83.785065	525 mi	8 hours 9 mins	532.098500299	509.667596058	523.16	530.333333333
54463	35.347509	-76.966007	35.046425	-83.823444	472 mi	7 hours 20 mins	475.698759246	453.451447702	468.867	480.833333333
54464	36.467568	-76.034175	35.215148	-82.737083	458 mi	7 hours 10 mins	473.186779194	457.222883676	455.297	462.383333333
54465	35.093203	-83.945131	35.095494	-77.110146	464 mi	7 hours 18 mins	468.480992775	454.631451425	465.108	478.666666667
54466	36.167480	-75.863566	35.018586	-83.715694	541 mi	8 hours 27 mins	557.117123258	541.118356252	538.197	543.8
54467	35.374598	-83.230264	36.158694	-76.193221	464 mi	7 hours 5 mins	469.595676146	446.085271784	458.616	474.7
54468	34.793014	-76.708906	35.076131	-84.287805	521 mi	8 hours 33 mins	524.487763563	527.587374557	527.296	570.533333333
54469	35.165759	-83.436370	35.920281	-76.423829	460 mi	7 hours 0 mins	464.220561041	434.138460372	449.0119	457.416666667
54470	36.498292	-76.056692	35.293967	-83.108143	489 mi	7 hours 40 mins	498.086969786	484.919514464	485.977	497.566666667
54471	35.110862	-84.040900	36.241629	-76.915411	484 mi	7 hours 38 mins	494.989383435	474.155722669	480.054	499.85
54472	35.020147	-84.243534	35.072608	-77.177912	480 mi	7 hours 36 mins	482.675398564	470.8404612	483.5791	496.583333333
54473	35.938528	-76.443680	35.362671	-83.696705	470 mi	7 hours 15 mins	476.177521648	449.814948842	467.3321	470.716666667
54474	36.364169	-76.199682	35.455158	-83.467399	485 mi	7 hours 30 mins	505.059437391	486.992668574	482.3979	485.533333333
54475	36.253834	-76.324684	35.329427	-83.809967	496 mi	7 hours 34 mins	503.041126516	471.862701435	493.465	496.133333333
54476	35.247048	-76.568490	35.445662	-83.426681	458 mi	7 hours 13 mins	461.752980734	449.026566864	455.731	474.866666667
54477	35.006840	-83.872149	35.712147	-76.114092	521 mi	8 hours 8 mins	525.279774096	503.073643382	510.212	536.433333333
54478	36.190989	-76.678864	35.032633	-83.989684	508 mi	7 hours 52 mins	510.14333439	487.300611644	505.002	515.433333333
54479	35.398117	-83.475856	36.442980	-76.326074	486 mi	7 hours 19 mins	490.39282994	469.456666421	475.074	475.716666667
54480	36.275899	-75.890970	35.078443	-83.757264	538 mi	8 hours 27 mins	554.609764991	542.963826854	535.633	546.75
54481	36.109831	-76.971398	34.999769	-83.761260	470 mi	7 hours 10 mins	473.460588971	446.459104999	467.132	464.516666667
54482	35.362035	-75.498955	35.394292	-83.154053	518 mi	8 hours 0 mins	522.892977487	496.669347545	515.72	516.4
54483	35.501613	-76.987358	35.298025	-83.880894	459 mi	7 hours 15 mins	462.709467504	448.410387719	454.7861	476.016666667
54484	36.091396	-76.670419	35.084748	-83.752731	482 mi	7 hours 27 mins	486.180919061	464.757158364	479.523	487.716666667
54485	35.005998	-84.065774	36.413442	-77.000770	467 mi	7 hours 36 mins	494.435489306	479.017589555	470.155	495.133333333
54486	35.033242	-83.733602	35.456484	-76.054412	520 mi	8 hours 13 mins	529.821568323	507.424657966	519.868	546.766666667
54487	35.089113	-84.041460	35.254843	-75.600712	599 mi	9 hours 32 mins	602.902453658	590.935942375	588.1899	620.433333333
54488	35.273085	-83.691428	35.959416	-76.472463	474 mi	7 hours 21 mins	479.878512477	456.609531694	463.405	474.633333333
54489	36.507374	-76.091290	35.065445	-83.012932	482 mi	7 hours 47 mins	501.927806811	508.296548996	479.465	500.15
54490	35.506671	-83.070517	35.875907	-76.257016	434 mi	6 hours 32 mins	437.936647426	406.366848665	423.563	429.333333333
54491	34.744287	-76.627967	35.185740	-83.849241	497 mi	7 hours 57 mins	500.6261278	495.057083156	497.517	519.533333333
54492	36.360954	-76.582578	35.344401	-83.421322	446 mi	7 hours 25 mins	483.90625063	460.884541147	468.849	488.316666667
54493	35.569423	-76.992401	35.084450	-84.024219	465 mi	7 hours 10 mins	468.683009351	449.757018124	468.515	478.233333333
54494	36.235483	-76.327641	35.398117	-83.475856	469 mi	7 hours 4 mins	476.250298139	440.140028662	466.4351	455.466666667
54495	35.078586	-83.977303	35.032456	-76.708360	497 mi	7 hours 56 mins	500.489464135	492.889044291	497.762	524.2
54496	35.196137	-83.832698	35.710864	-76.113217	510 mi	7 hours 59 mins	515.108999827	493.988422094	499.386	521.65
54497	35.174926	-83.934810	36.282225	-77.012059	466 mi	7 hours 16 mins	473.892260098	451.324795536	458.906	473.9
54498	35.117497	-75.975848	35.164024	-83.416526	590 mi	10 hours 20 mins	588.740997898	608.445082583	582.913	632.616666667
54499	35.031907	-83.836930	36.359808	-77.012484	452 mi	7 hours 18 mins	479.056345804	458.630003623	454.705	478.616666667
54500	35.763354	-82.510351	35.901245	-75.680433	452 mi	6 hours 51 mins	456.785028208	425.760705618	441.253	446.55
54501	35.890607	-76.343464	35.410626	-83.480657	459 mi	6 hours 56 mins	463.972175797	431.536971099	456.638	449.0
54502	36.240159	-76.803308	35.032633	-83.989684	504 mi	7 hours 54 mins	506.277260208	489.053433935	502.997	519.6
54503	35.339782	-83.746683	36.449270	-76.594583	462 mi	7 hours 29 mins	489.86973186	469.510845528	464.7581	495.25
54504	36.188061	-76.802937	35.017643	-84.078963	495 mi	7 hours 51 mins	506.701758291	487.056138119	506.7501	518.266666667
54505	36.537130	-76.063207	35.169232	-83.365294	499 mi	7 hours 51 mins	501.71175067	486.650032102	498.2331	520.033333333
54506	35.164214	-84.254251	36.248192	-76.341659	537 mi	8 hours 32 mins	543.580992493	527.495766735	526.507	554.533333333
54507	35.064485	-83.744903	36.385598	-76.939824	452 mi	7 hours 22 mins	479.054420214	462.346874927	454.685	481.716666667
54508	36.444202	-76.328956	35.291362	-83.771175	483 mi	7 hours 54 mins	519.787841753	503.704449399	509.923	504.166666667
54509	36.082522	-77.059481	35.040144	-83.760994	454 mi	7 hours 4 mins	461.645517349	440.257061099	455.526	461.466666667
54510	35.118787	-75.974161	35.197695	-83.084536	586 mi	10 hours 42 mins	589.717706078	624.180454835	583.992	649.333333333
54511	35.300613	-83.108502	36.260235	-76.302621	464 mi	7 hours 5 mins	469.85619163	440.779766457	452.663	462.683333333
54512	35.260640	-75.541490	35.194383	-82.783423	516 mi	8 hours 15 mins	525.720787785	510.91071618	513.456	529.35
54513	35.017275	-84.289746	36.249653	-76.259203	539 mi	8 hours 22 mins	543.408116172	520.379567115	526.391	542.616666667
54514	36.316343	-76.176505	35.398487	-83.627934	491 mi	7 hours 28 mins	497.843431565	466.358265449	488.1511	482.116666667
54515	34.747509	-76.741253	35.022764	-83.789145	496 mi	7 hours 53 mins	499.600144445	491.500245799	496.996	519.783333333
54516	35.197776	-83.863872	35.488604	-76.481223	493 mi	7 hours 48 mins	504.596653378	483.412525111	493.803	513.85
54517	35.040144	-83.760994	35.470479	-76.017167	523 mi	8 hours 16 mins	533.541152657	513.049192408	523.322	551.233333333
54518	35.054567	-83.892950	35.025824	-76.826152	487 mi	7 hours 39 mins	491.054212361	475.580821662	487.866	501.083333333
54519	35.245508	-75.615421	35.384517	-83.862514	588 mi	9 hours 22 mins	592.50495524	579.493508485	586.011	611.416666667
54520	35.070956	-83.062368	36.254185	-76.320733	464 mi	7 hours 26 mins	487.656095073	467.466309208	453.338	478.516666667
54521	35.113145	-84.013233	35.261309	-75.521346	591 mi	9 hours 21 mins	595.046238273	578.95081928	580.356	607.133333333
54522	35.025831	-83.666485	35.930154	-76.583173	472 mi	7 hours 11 mins	475.24079774	447.749159102	461.031	470.55
54523	35.827891	-76.784757	35.084748	-83.752731	466 mi	7 hours 12 mins	468.842231732	444.345723418	463.42	467.65
54524	35.057968	-83.812243	36.342057	-76.103604	524 mi	8 hours 9 mins	548.140709212	535.573262361	512.7809	532.766666667
54525	36.330234	-75.904292	35.319435	-83.796689	526 mi	8 hours 12 mins	542.701320982	525.90651258	523.638	536.516666667
54526	35.196137	-83.832698	36.544067	-76.731469	463 mi	7 hours 36 mins	477.914839997	463.960038059	466.399	493.533333333
54527	35.318300	-83.462216	35.897723	-76.324197	471 mi	7 hours 15 mins	474.267450875	448.964375379	460	472.533333333
54528	36.352318	-76.597918	35.164005	-83.436529	445 mi	7 hours 17 mins	482.811086013	452.620103698	473.153	478.7
54529	35.163483	-83.432326	35.827408	-76.513678	453 mi	6 hours 56 mins	457.207558482	427.794047154	442.057	456.566666667
54530	35.037395	-83.755086	35.830510	-76.774918	462 mi	6 hours 58 mins	466.420686811	434.713103962	451.245	456.666666667
54531	35.153058	-83.954306	35.479719	-76.014669	527 mi	8 hours 20 mins	537.831510323	519.833676382	527.5021	552.683333333
54532	35.920466	-75.672552	35.410092	-83.116812	474 mi	7 hours 12 mins	478.511789093	447.332641254	471.8831	464.816666667
54533	35.595352	-82.435872	36.061124	-75.686591	442 mi	6 hours 42 mins	468.330134102	452.257319385	431.312	439.533333333
54534	35.208237	-75.696384	35.031533	-83.785065	596 mi	9 hours 34 mins	600.015393297	591.178358669	593.947	619.316666667
54535	35.212422	-83.376411	35.967411	-76.079293	479 mi	7 hours 28 mins	483.345776347	463.211745242	467.86	490.633333333
54536	35.125158	-83.394295	36.114928	-76.272047	480 mi	7 hours 23 mins	484.223764375	458.986938264	469.084	485.95
54537	35.920973	-75.681406	35.148215	-82.646983	470 mi	7 hours 26 mins	482.91909325	462.048712008	470.259	474.15
54538	36.317212	-76.175729	35.046236	-83.817950	517 mi	7 hours 58 mins	523.595245779	498.347505247	514.025	514.216666667
54539	34.725567	-76.571084	35.024123	-83.743126	504 mi	8 hours 1 min	507.166677444	498.301135882	504.1371	531.3
54540	35.154614	-83.135710	35.859065	-76.414418	451 mi	7 hours 16 mins	468.61072444	450.068468435	440.418	470.283333333
54541	36.524902	-76.180928	35.016048	-83.910921	512 mi	8 hours 35 mins	542.857962407	531.057037379	535.786	554.7
54542	35.418006	-83.445119	36.010134	-75.677982	511 mi	7 hours 50 mins	543.757016005	530.397144391	499.705	511.166666667
54543	36.495907	-76.293605	35.416969	-83.202879	440 mi	7 hours 12 mins	475.191706889	456.643802034	467.96	466.766666667
54544	35.635797	-82.632776	36.163263	-75.743758	466 mi	7 hours 13 mins	485.755514944	476.641604752	455.363	472.65
54545	35.307529	-83.790658	35.001405	-76.791798	477 mi	7 hours 31 mins	480.871829414	465.390679271	480.621	496.05
54546	35.390701	-83.921668	35.350685	-75.505089	587 mi	9 hours 27 mins	591.008810521	579.81673882	567.929	598.0
54547	36.325505	-75.910406	35.196222	-82.922578	481 mi	7 hours 49 mins	500.21899311	496.380501505	477.887	501.733333333
54548	35.959921	-76.086678	35.435348	-83.382996	469 mi	7 hours 12 mins	473.957659065	448.750329433	466.786	468.7
54549	35.450431	-83.426468	36.170315	-76.228242	481 mi	7 hours 27 mins	486.615613604	467.591305863	470.7509	500.166666667
54550	35.355390	-83.824182	36.355875	-76.985255	446 mi	7 hours 14 mins	468.797967726	451.422029383	457.138	477.266666667
54551	35.633873	-82.893336	35.418994	-76.084653	459 mi	7 hours 16 mins	469.819247077	451.978715862	458.9611	493.2
54552	35.065423	-83.998582	36.450231	-76.646727	483 mi	7 hours 52 mins	511.037759934	496.964644899	486.12	512.95
54553	35.312828	-83.178920	36.371827	-76.268853	468 mi	7 hours 6 mins	480.29430863	465.034467218	457.067	462.433333333
54554	35.021781	-83.993675	36.324772	-77.232156	463 mi	7 hours 19 mins	473.830383338	458.21427319	456.627	487.55
54555	35.130110	-83.405127	35.788477	-76.583871	455 mi	7 hours 4 mins	458.585225477	436.326725314	442.2839	456.85
54556	35.415953	-76.601123	35.163780	-83.440116	456 mi	7 hours 4 mins	458.761494464	440.187220372	451.789	474.116666667
54557	36.507215	-76.315014	35.067249	-83.926582	503 mi	8 hours 20 mins	535.916316995	523.488892412	531.1671	538.766666667
54558	35.088503	-83.399848	36.447003	-76.426751	460 mi	7 hours 34 mins	484.990896942	474.14003074	462.981	496.283333333
54559	35.814583	-76.438833	35.064134	-83.803047	499 mi	7 hours 44 mins	495.107380866	476.992865775	496.225	508.466666667
54560	36.355807	-76.124234	35.535356	-82.858819	439 mi	6 hours 41 mins	444.405166852	418.15841301	436.806	428.433333333
54561	35.261810	-83.735280	36.309385	-76.247414	502 mi	7 hours 46 mins	508.282427385	481.205592722	491.0359	500.2
54562	35.158711	-83.628329	36.424322	-76.620208	460 mi	7 hours 38 mins	488.801714128	480.119028883	462.776	504.55
54563	34.758315	-76.634878	34.994962	-83.894011	506 mi	8 hours 6 mins	510.159477708	503.068340205	509.174	529.216666667
54564	35.343673	-82.452149	35.352859	-75.509372	496 mi	7 hours 46 mins	506.424090117	481.323296315	485.471	506.966666667
54565	35.326754	-75.507431	34.998991	-83.382891	560 mi	8 hours 46 mins	564.138851857	543.797140828	557.691	568.333333333
54566	35.603792	-82.596015	35.208865	-75.694742	501 mi	7 hours 59 mins	504.665932797	490.991158447	489.8361	517.916666667
54567	35.008049	-83.706678	36.541711	-76.671384	470 mi	7 hours 42 mins	482.336533656	469.677909744	486.101	507.166666667
54568	36.057809	-76.667035	35.039840	-83.817953	481 mi	7 hours 19 mins	485.170354392	455.963900499	478.338	473.133333333
54569	35.415739	-76.240146	35.125158	-83.394295	482 mi	7 hours 35 mins	492.455131365	472.305234809	483.73	496.7
54570	35.541148	-76.224345	35.358673	-83.190428	474 mi	7 hours 15 mins	478.021629495	448.73448654	471.198	474.466666667
54571	35.500571	-76.963298	35.354342	-83.827288	454 mi	7 hours 1 min	456.826168893	435.443529103	450.022	460.5
54572	36.342337	-75.953878	35.268980	-83.294004	488 mi	7 hours 29 mins	505.032028708	484.240377469	485.774	481.6
54573	34.687957	-76.535134	35.391817	-83.486858	476 mi	7 hours 32 mins	480.516918825	468.7493874	476.924	503.0
54574	35.133434	-83.434599	35.415739	-76.240146	483 mi	7 hours 40 mins	493.326001976	473.801972975	485.024	508.566666667
54575	35.446175	-83.379911	35.970264	-76.117610	466 mi	7 hours 6 mins	470.894967477	441.653900769	455.4429	467.1
54576	35.256093	-83.472285	36.336562	-76.225642	486 mi	7 hours 37 mins	510.399610005	501.882722717	475.242	495.633333333
54577	35.087193	-84.018388	36.143279	-76.413272	507 mi	7 hours 47 mins	511.042117552	488.316009839	496.463	512.866666667
54578	35.072358	-84.144370	34.660420	-77.201043	505 mi	7 hours 59 mins	505.699956113	499.030836227	506.046	523.483333333
54579	36.361635	-76.077849	35.110932	-83.103410	478 mi	7 hours 42 mins	514.967375309	505.591031873	476.437	492.15
54580	36.361159	-76.203662	35.022037	-83.319151	507 mi	7 hours 54 mins	526.484744268	512.811666949	504.467	511.05
54581	35.036088	-77.012449	35.039840	-83.817953	466 mi	7 hours 16 mins	469.776254235	452.967120494	466.426	474.1
54582	35.169459	-84.089481	35.201729	-77.302431	462 mi	7 hours 33 mins	463.992472207	465.979535437	462.366	495.566666667
54583	35.901245	-75.680433	35.297239	-83.773795	529 mi	8 hours 9 mins	532.865808583	508.533802356	526.0749	526.75
54584	35.545024	-82.936087	36.240518	-76.027029	452 mi	6 hours 52 mins	476.694579777	457.521513253	441.691	453.05
54585	35.322959	-83.839382	35.065659	-76.643641	483 mi	7 hours 42 mins	486.515502842	474.455175973	483.358	516.933333333
54586	35.016787	-83.822940	36.404343	-77.037421	450 mi	7 hours 17 mins	476.958523902	458.527278149	453.583	476.55
54587	35.462420	-83.023697	36.309611	-76.168220	447 mi	6 hours 43 mins	469.710459374	452.532469681	436.1219	438.516666667
54588	35.000750	-83.957308	36.550752	-76.670936	501 mi	8 hours 1 min	499.832335784	489.646630453	502.121	528.4
54589	35.537116	-82.858782	35.418994	-76.084653	447 mi	7 hours 3 mins	455.926344221	435.830483887	447.1301	472.983333333
54590	36.444202	-76.328956	35.285430	-83.788847	483 mi	7 hours 54 mins	519.539813104	504.332316645	511.088	507.4
54591	35.288918	-83.181230	36.338693	-76.131073	471 mi	7 hours 14 mins	497.578944272	481.26959911	460.0539	467.916666667
54592	35.153266	-83.953843	36.441345	-77.077504	448 mi	7 hours 16 mins	475.610414235	457.496510067	449.586	469.633333333
54593	35.363577	-75.504079	35.227720	-83.440041	546 mi	8 hours 37 mins	553.168523963	536.863175869	543.63	558.466666667
54594	35.260906	-83.407981	36.428426	-76.314451	490 mi	7 hours 27 mins	498.4809165	485.682136656	478.721	490.133333333
54595	36.277783	-76.511678	35.281613	-83.737190	494 mi	7 hours 36 mins	499.359675289	476.909825129	491.111	491.15
54596	35.219221	-75.680385	35.432073	-83.398566	554 mi	8 hours 46 mins	563.552987119	546.638167112	557.001	570.483333333
54597	35.170571	-83.407582	36.202513	-76.493845	464 mi	7 hours 5 mins	470.02604953	437.90269395	454.896	463.066666667
54598	36.092334	-75.815755	35.252504	-83.376221	519 mi	8 hours 5 mins	534.826295254	521.393511132	515.912	524.616666667
54599	36.202001	-76.686193	35.435896	-83.459838	458 mi	6 hours 57 mins	461.583024371	431.320230289	454.636	451.966666667
54600	35.211854	-75.698441	35.441291	-83.089496	532 mi	8 hours 25 mins	535.983806026	520.85131558	529.678	543.15
54601	35.553232	-75.467766	35.352670	-82.523342	477 mi	7 hours 28 mins	489.756684835	466.316932117	477.294	483.633333333
54602	35.175793	-83.651034	36.442414	-76.851908	446 mi	7 hours 25 mins	476.220943996	470.345287471	448.823	489.4
54603	35.322199	-83.578397	35.877838	-76.615182	450 mi	6 hours 48 mins	453.931223807	423.439657171	438.7019	443.983333333
54604	36.019913	-76.584676	35.291362	-83.771175	483 mi	7 hours 26 mins	486.61372128	463.793494004	479.997	479.433333333
54605	36.114830	-76.277275	35.081165	-83.751906	509 mi	7 hours 58 mins	512.83276876	495.70985246	506.181	522.866666667
54606	35.031073	-83.771772	36.091453	-76.386534	501 mi	7 hours 44 mins	505.329433163	488.640703885	490.286	521.666666667
54607	35.018509	-83.855684	36.232197	-76.582567	501 mi	7 hours 46 mins	505.094213746	482.215982314	489.932	511.316666667
54608	36.320596	-76.958456	35.028471	-83.889255	476 mi	7 hours 24 mins	481.677517999	470.012136184	476.539	484.466666667
54609	35.080035	-83.752834	36.440268	-77.079178	445 mi	7 hours 17 mins	472.548025572	455.819327052	446.7101	474.9
54610	36.377349	-76.181483	35.331137	-83.591630	495 mi	7 hours 36 mins	514.696719662	496.908452271	492.255	491.4
54611	35.113395	-75.975065	35.182531	-83.400066	587 mi	10 hours 18 mins	586.267711104	607.205325823	580.361	631.216666667
54612	35.802595	-76.103687	35.321773	-83.798955	501 mi	7 hours 48 mins	505.452698887	482.718320246	498.541	513.55
54613	35.109818	-84.008962	36.362694	-76.544806	490 mi	8 hours 2 mins	522.359995688	500.32026836	487.487	524.933333333
54614	35.043721	-84.141387	35.034253	-77.243826	473 mi	7 hours 33 mins	477.072985923	473.768440266	476.026	497.566666667
54615	36.136037	-76.907601	35.205290	-83.835634	470 mi	7 hours 15 mins	473.827639823	451.680929827	502.205	513.683333333
54616	36.442980	-76.326074	35.379738	-83.476303	456 mi	7 hours 25 mins	492.861309294	474.064632092	484.031	475.666666667
54617	35.110476	-75.984809	35.347726	-83.530977	591 mi	10 hours 19 mins	590.579664637	608.243537776	584.652	632.7
54618	35.064272	-83.395622	36.289423	-76.531811	482 mi	7 hours 23 mins	488.636406476	458.377694978	470.1899	483.183333333
54619	35.354537	-83.744766	35.839201	-76.719711	459 mi	7 hours 0 mins	462.468156175	434.018992073	447.7899	463.483333333
54620	35.767966	-82.508440	35.230819	-75.630793	508 mi	7 hours 58 mins	512.072874947	492.942717635	496.874	518.633333333
54621	35.406593	-83.124536	36.435572	-76.298368	462 mi	6 hours 56 mins	466.842972744	447.285095269	451.565	454.35
54622	35.444516	-83.453000	36.428426	-76.314451	487 mi	7 hours 22 mins	490.441520201	472.393895735	475.499	482.433333333
54623	36.541213	-76.722063	35.368425	-83.694943	448 mi	7 hours 14 mins	465.03896858	444.280656185	472.0211	478.233333333
54624	36.443910	-76.333685	35.060721	-83.749712	488 mi	8 hours 1 min	524.681470675	512.364971072	515.973	517.2
54625	35.682128	-82.811363	36.194986	-75.757041	480 mi	7 hours 38 mins	500.122219698	502.800883904	469.609	505.466666667
54626	36.418128	-76.672220	35.387961	-83.497705	437 mi	7 hours 7 mins	465.80072205	450.863539589	459.3481	466.183333333
54627	36.258753	-75.884335	35.900544	-82.853135	477 mi	7 hours 25 mins	493.519849008	480.436319999	474.315	476.85
54628	35.219672	-83.373935	36.203761	-76.451198	466 mi	7 hours 9 mins	470.280901122	440.877166833	455.401	466.0
54629	35.322471	-83.791034	35.421761	-76.493315	494 mi	7 hours 50 mins	503.283693188	483.709962056	493.664	526.733333333
54630	36.340762	-76.241902	35.067249	-83.926582	523 mi	8 hours 8 mins	533.928904198	507.365823029	520.7031	526.866666667
54631	35.211964	-83.818542	34.964366	-76.920051	467 mi	7 hours 24 mins	470.879335358	457.961324809	467.6631	483.883333333
54632	35.022037	-83.319151	36.309754	-76.231059	499 mi	7 hours 42 mins	505.423057375	479.141268676	488.37	503.883333333
54633	34.695239	-76.561420	34.989626	-83.824682	514 mi	8 hours 13 mins	517.718459153	510.86220696	514.396	546.066666667
54634	36.087036	-75.822994	35.111333	-83.004762	502 mi	8 hours 7 mins	534.688507099	538.602304428	499.227	518.583333333
54635	36.477272	-76.042901	35.333122	-83.195336	480 mi	7 hours 24 mins	489.330868861	470.936539281	477.274	479.85
54636	36.332014	-76.118286	35.247650	-83.022643	486 mi	7 hours 40 mins	493.18706709	476.959883986	484.16	492.583333333
54637	36.241731	-75.872593	35.044052	-83.376391	518 mi	8 hours 1 min	534.337686186	516.649005385	515.2161	517.783333333
54638	36.398983	-76.288179	35.456680	-83.387821	454 mi	7 hours 26 mins	493.7467159	474.16303657	477.3149	480.783333333
54639	36.227356	-76.700991	35.155440	-84.082065	511 mi	8 hours 4 mins	515.011290862	504.074663964	515.22	542.35
54640	35.418994	-76.084653	35.042768	-83.635380	518 mi	8 hours 16 mins	527.634733824	512.622380202	518.094	546.7
54641	35.024983	-84.199405	36.394569	-76.545507	503 mi	8 hours 17 mins	529.849646754	521.417829762	505.441	538.9
54642	35.311928	-83.887421	36.444832	-76.311232	521 mi	8 hours 6 mins	525.636119126	516.425022101	514.1479	533.5
54643	36.249415	-75.872597	35.232224	-82.723405	467 mi	7 hours 20 mins	489.235663313	472.721987681	465.044	469.933333333
54644	35.174256	-83.926523	36.143971	-77.090501	455 mi	7 hours 7 mins	462.769259468	443.084601782	448.251	465.333333333
54645	35.326326	-83.261086	36.146634	-76.408366	451 mi	6 hours 47 mins	455.015128721	424.580637041	440.141	449.25
54646	35.019138	-84.214812	35.805669	-77.066536	469 mi	7 hours 11 mins	473.536400674	448.020810584	458.808	468.016666667
54647	34.956648	-76.670096	35.444516	-83.453000	472 mi	7 hours 32 mins	476.147629798	464.984206704	472.554	504.183333333
54648	35.022073	-83.714961	35.027927	-76.863579	474 mi	7 hours 29 mins	478.169834123	465.746321372	475.086	493.166666667
54649	36.424377	-76.728720	35.208576	-83.639064	459 mi	7 hours 36 mins	484.947272434	477.90273506	481.114	508.816666667
54650	34.976716	-76.823873	35.012015	-83.684892	479 mi	7 hours 35 mins	483.017649532	470.044105487	479.807	492.65
54651	35.109465	-75.975047	35.019428	-83.667123	612 mi	10 hours 41 mins	610.851790359	630.46272661	605.0969	656.833333333
54652	35.034983	-83.842326	35.112776	-75.976916	621 mi	10 hours 51 mins	620.60936582	639.647053656	606.1989	670.6
54653	35.178590	-84.038754	36.545680	-76.856165	492 mi	7 hours 54 mins	493.31792128	486.966111916	491.868	521.816666667
54654	35.482301	-76.035418	35.427438	-83.445126	486 mi	7 hours 33 mins	496.553383257	472.423018297	485.842	496.616666667
54655	35.028017	-83.803746	35.923923	-76.630937	478 mi	7 hours 21 mins	481.182199134	454.726051463	466.961	478.266666667
54656	35.181565	-83.908030	36.485596	-76.302430	523 mi	8 hours 0 mins	526.025493728	510.020582511	512.236	522.25
54657	35.221073	-75.679001	35.233187	-83.368167	559 mi	8 hours 54 mins	563.421675665	551.311432102	557.131	577.2
54658	35.537577	-82.822095	35.107694	-75.979755	536 mi	9 hours 24 mins	535.258604992	549.48773803	520.985	576.983333333
54659	35.257417	-76.809935	35.153058	-83.954306	483 mi	7 hours 35 mins	490.181889224	479.699842757	499.6981	521.133333333
54660	35.094379	-84.036116	35.927605	-77.203244	451 mi	6 hours 57 mins	454.110353975	431.4090354	439.689	452.983333333
54661	35.213086	-83.814664	36.064070	-76.528440	484 mi	7 hours 23 mins	487.985306801	459.118460614	472.943	479.1
54662	36.060427	-76.466331	35.339782	-83.746683	479 mi	7 hours 22 mins	483.858821536	456.570289491	476.86	483.0
54663	36.277283	-76.622928	35.248587	-83.702872	483 mi	7 hours 22 mins	487.843803605	461.699549189	480.61	482.266666667
54664	36.547945	-76.756496	35.002280	-83.659052	460 mi	7 hours 28 mins	477.385725476	460.961307006	483.359	488.866666667
54665	35.585420	-77.010390	35.340911	-83.811949	448 mi	6 hours 52 mins	451.583889938	427.767775985	445.5131	458.883333333
54666	35.958345	-76.808670	35.344087	-83.715501	459 mi	7 hours 9 mins	466.587770235	442.667073783	454.254	458.116666667
54667	36.169238	-76.711655	35.369294	-83.763615	487 mi	7 hours 34 mins	491.197713709	470.981506509	484.1001	503.066666667
54668	36.495141	-76.309328	35.421100	-83.437909	456 mi	7 hours 23 mins	489.952074104	466.234923775	483.868	475.7
54669	35.209096	-75.693904	35.031581	-83.808670	597 mi	9 hours 34 mins	600.662645594	591.132931459	594.595	618.566666667
54670	35.325960	-83.198538	36.281119	-76.251659	460 mi	6 hours 59 mins	466.084669202	433.910407372	448.877	454.516666667
54671	35.921934	-75.683775	35.260265	-83.028323	501 mi	7 hours 50 mins	505.458000757	484.919224746	498.528	500.916666667
54672	36.346557	-77.160773	35.077060	-83.847176	446 mi	7 hours 20 mins	470.89490421	460.897635626	464.137	485.166666667
54673	35.217820	-83.435889	36.354493	-76.264957	486 mi	7 hours 28 mins	499.499943513	485.670756157	476.261	488.683333333
54674	35.288519	-83.902769	35.118516	-76.632909	492 mi	8 hours 3 mins	495.718953114	495.70085487	496.3931	542.316666667
54675	36.249797	-75.871313	35.172677	-83.132172	507 mi	8 hours 0 mins	523.583971119	512.594287112	504.456	510.566666667
54676	36.189917	-76.473892	35.022672	-83.719359	490 mi	7 hours 29 mins	494.408684636	464.729769212	487.64	482.633333333
54677	35.289776	-83.785054	35.731687	-76.153142	506 mi	7 hours 49 mins	510.488029343	482.397571049	495.7449	512.416666667
54678	36.436863	-77.126869	35.028017	-83.803746	440 mi	7 hours 7 mins	469.042023536	449.463481359	446.546	470.55
54679	34.696364	-76.556206	35.368425	-83.694943	490 mi	7 hours 47 mins	493.988640372	482.284119746	490.6221	520.466666667
54680	34.701740	-76.570391	34.999769	-83.761260	509 mi	8 hours 10 mins	512.368798211	505.929614311	509.4731	542.116666667
54681	36.486867	-76.311293	35.452592	-83.398266	453 mi	7 hours 22 mins	488.791244031	467.576551267	476.383	476.816666667
54682	35.140323	-83.365915	35.906207	-76.311667	464 mi	7 hours 2 mins	468.034914888	436.642862964	452.722	458.233333333
54683	35.329233	-83.541513	35.978229	-76.159350	481 mi	7 hours 28 mins	485.028985575	465.49200978	470.6689	491.25
54684	35.057145	-84.065868	36.312600	-76.792861	477 mi	7 hours 51 mins	509.694901035	486.411304858	483.7639	505.65
54685	35.354694	-83.206045	35.971782	-76.074406	458 mi	7 hours 5 mins	462.361428255	439.235895855	446.891	462.5
54686	35.002031	-84.302805	35.712147	-76.114092	545 mi	8 hours 33 mins	549.208803581	530.506159578	534.292	562.716666667
54687	36.477759	-76.038508	35.337804	-83.891389	532 mi	8 hours 22 mins	541.140492582	530.835965155	528.1501	548.25
54688	35.311928	-83.887421	35.267351	-77.105415	457 mi	7 hours 17 mins	468.707070585	459.985857407	458.35	488.15
54689	35.133788	-84.133265	34.684790	-77.135727	504 mi	8 hours 2 mins	504.749255366	500.728889371	504.47	527.266666667
54690	35.020308	-84.010452	35.893272	-76.644597	492 mi	7 hours 38 mins	493.298734772	473.286003165	480.812	505.35
54691	36.517735	-76.186579	35.357707	-83.839478	497 mi	8 hours 11 mins	523.691676154	504.902578125	520.22	536.483333333
54692	35.052943	-83.079123	36.062940	-75.712554	512 mi	8 hours 20 mins	549.099567572	559.080509139	501.279	534.666666667
54693	36.455658	-76.026059	35.418597	-83.426681	492 mi	7 hours 36 mins	501.777203963	482.143387002	489.554	493.65
54694	35.155440	-84.082065	36.499538	-76.054382	549 mi	8 hours 45 mins	555.25589608	550.30625411	537.47	577.283333333
54695	35.318354	-83.194413	36.040812	-75.677359	498 mi	7 hours 39 mins	526.906180398	513.81075477	486.483	494.466666667
54696	35.262164	-75.524188	35.245761	-83.289509	543 mi	8 hours 35 mins	547.360250137	528.667254625	540.897	553.833333333
54697	36.219666	-76.675029	35.269988	-83.752688	486 mi	7 hours 26 mins	489.192611845	464.293969942	483.319	481.95
54698	35.019052	-83.823824	35.141288	-76.658540	489 mi	7 hours 44 mins	492.785244492	480.798084361	489.624	515.733333333
54699	35.296662	-83.885080	35.706672	-76.115431	517 mi	8 hours 10 mins	520.690522719	502.645423741	509.328	542.516666667
54700	35.323435	-83.187217	35.459130	-76.075030	475 mi	7 hours 29 mins	485.200626116	463.754605055	475.184	499.333333333
54701	35.133040	-84.267746	36.357256	-76.684595	500 mi	8 hours 19 mins	540.474933173	525.783373245	501.925	546.666666667
54702	35.924687	-75.674286	35.376156	-83.694400	516 mi	7 hours 54 mins	520.744407738	491.483404806	513.873	514.066666667
54703	36.014222	-76.582948	35.073750	-83.815700	493 mi	7 hours 39 mins	496.443061158	477.599295709	490.497	497.283333333
54704	34.740854	-76.811751	35.024123	-83.743126	487 mi	7 hours 40 mins	490.092717285	477.752152601	487.1811	500.0
54705	36.426805	-76.605899	35.498858	-83.306298	424 mi	7 hours 3 mins	456.617713864	445.272340439	448.1	454.183333333
54706	35.143571	-83.405563	36.315930	-76.265727	483 mi	7 hours 23 mins	488.962808104	459.590424832	471.761	483.783333333
54707	34.999849	-84.303506	35.592664	-76.517724	521 mi	8 hours 6 mins	524.522739961	503.741093313	509.674	535.65
54708	35.012015	-83.684892	36.357256	-76.684595	466 mi	7 hours 37 mins	506.225842835	481.756086956	467.5601	503.0
54709	36.236072	-75.867478	35.214063	-83.409495	509 mi	7 hours 53 mins	526.342856078	510.168494693	507.171	509.05
54710	35.046641	-83.816519	35.830510	-76.774918	467 mi	7 hours 6 mins	470.918351269	441.460034987	455.715	463.7
54711	36.087214	-76.389225	35.434292	-83.455660	463 mi	7 hours 3 mins	467.672037237	446.426603552	460.803	470.083333333
54712	36.290496	-76.145775	35.306297	-83.191861	468 mi	7 hours 10 mins	475.143223356	447.199426269	465.51	461.033333333
54713	35.551902	-76.226081	35.176001	-83.425590	498 mi	7 hours 39 mins	501.741716827	473.895912778	494.97	503.616666667
54714	35.022959	-84.126452	36.276128	-77.019507	481 mi	7 hours 28 mins	488.648736207	466.549545168	473.694	488.083333333
54715	36.500192	-76.727817	35.436265	-83.784288	460 mi	7 hours 28 mins	477.576476252	464.556938929	481.4	497.066666667
54716	35.425068	-83.477071	35.497337	-75.998640	493 mi	7 hours 44 mins	503.41105657	481.008030115	493.552	516.683333333
54717	35.291409	-82.531920	35.365322	-75.502689	499 mi	7 hours 57 mins	513.695626367	499.422530476	488.869	526.05
54718	35.842237	-75.644732	35.279266	-83.191802	490 mi	7 hours 30 mins	494.384779671	467.95592427	487.514	483.916666667
54719	35.167394	-83.421823	35.723036	-76.616958	452 mi	6 hours 55 mins	455.843893756	427.449351482	440.837	454.783333333
54720	35.005998	-84.065774	36.414234	-76.340588	536 mi	8 hours 13 mins	541.820200649	529.799590982	524.798	536.0
54721	35.930633	-75.699581	35.270616	-83.066644	496 mi	7 hours 45 mins	503.167665095	482.037626018	497.541	502.566666667
54722	34.738022	-76.854370	35.054920	-83.816480	493 mi	7 hours 50 mins	496.517479308	485.653547807	493.291	512.533333333
54723	36.268248	-76.274099	34.994847	-83.893281	515 mi	7 hours 56 mins	521.676418965	495.57640896	512.1	515.25
54724	35.022196	-83.966754	35.166086	-76.703903	496 mi	7 hours 54 mins	497.902615366	487.383962798	496.384	519.333333333
54725	36.137068	-76.865747	35.046425	-83.823444	477 mi	7 hours 19 mins	484.626311683	465.001447644	474.279	486.316666667
54726	35.002113	-83.825596	36.083442	-76.448865	499 mi	7 hours 37 mins	503.159248056	478.360298371	488.055	505.816666667
54727	35.679693	-82.577738	35.544346	-75.471457	473 mi	7 hours 15 mins	477.636810394	451.561428447	462.35	472.6
54728	35.382481	-83.879323	35.929358	-76.539493	483 mi	7 hours 28 mins	487.706211714	460.718898723	472.579	494.866666667
54729	36.282670	-76.115272	35.349051	-83.444238	490 mi	7 hours 35 mins	496.874076995	472.20465665	487.799	491.616666667
54730	34.778080	-76.627997	35.015106	-83.679014	492 mi	7 hours 50 mins	495.843923647	485.158397429	492.511	513.766666667
54731	35.105776	-84.009680	36.442414	-76.851908	466 mi	7 hours 33 mins	495.79679706	481.77550282	468.624	492.0
54732	35.449107	-76.611199	34.994403	-84.167938	502 mi	7 hours 55 mins	504.717790837	492.614269528	503.862	531.7
54733	35.345438	-83.825835	36.089805	-76.385138	493 mi	7 hours 35 mins	497.533326828	478.276654272	482.438	514.883333333
54734	35.108894	-84.052696	36.343173	-76.635014	486 mi	7 hours 58 mins	520.539508302	497.450055154	488.2221	525.2
54735	35.427742	-76.892569	35.297239	-83.773795	467 mi	7 hours 14 mins	471.111233178	451.861717969	464.618	484.233333333
54736	35.019483	-83.638583	36.261514	-76.305855	500 mi	7 hours 39 mins	506.061487563	475.723949422	488.841	502.116666667
54737	35.311928	-83.887421	36.365385	-76.169881	519 mi	8 hours 11 mins	536.93052488	531.224532926	512.119	537.233333333
54738	35.505890	-82.958961	36.179107	-75.986699	460 mi	7 hours 6 mins	484.24172595	471.547808391	449.139	469.7
54739	35.467521	-76.637997	35.356496	-83.837876	474 mi	7 hours 23 mins	477.821990388	459.209498774	472.284	495.2
54740	35.269470	-83.364520	36.447003	-76.426751	456 mi	7 hours 33 mins	473.150638319	463.45007939	458.658	498.666666667
54741	35.489547	-82.737380	36.503047	-76.043263	447 mi	6 hours 51 mins	453.632771223	435.47940829	435.795	452.816666667
54742	35.346776	-75.511694	35.395330	-83.210594	523 mi	8 hours 10 mins	527.546912509	505.313813172	521.152	528.416666667
54743	35.089113	-84.041460	35.349967	-75.506460	588 mi	9 hours 17 mins	592.412840236	575.65931781	577.663	604.016666667
54744	35.452838	-83.390756	36.364711	-76.210581	481 mi	7 hours 18 mins	493.4137164	475.027029943	463.529	478.466666667
54745	36.424574	-77.117758	34.999910	-83.913369	448 mi	7 hours 17 mins	476.414780561	459.986753737	453.933	481.3
54746	34.696364	-76.556206	35.321300	-83.601146	485 mi	7 hours 44 mins	489.142210129	479.456626468	485.786	512.35
54747	36.345618	-76.069051	35.009094	-84.187283	544 mi	8 hours 30 mins	564.532777469	551.880603467	547.8701	558.783333333
54748	36.463288	-77.128823	35.019052	-83.823824	444 mi	7 hours 12 mins	471.245572316	454.708586376	449.742	476.666666667
54749	35.153058	-83.954306	35.084746	-77.096624	461 mi	7 hours 15 mins	464.989107523	450.759838702	462.09	474.15
54750	35.029805	-83.656735	35.947210	-76.291305	494 mi	7 hours 34 mins	497.91239549	470.873170642	482.918	492.616666667
54751	36.284431	-76.082899	35.111037	-84.040843	532 mi	8 hours 20 mins	539.474488911	519.612099505	537.92	550.933333333
54752	35.587942	-77.087564	35.087409	-83.967489	456 mi	7 hours 3 mins	460.667237513	437.080762856	459.38	462.833333333
54753	35.333179	-83.738737	35.038738	-76.751973	474 mi	7 hours 28 mins	477.691055472	462.823449285	474.546	495.7
54754	35.576318	-76.663563	35.148078	-84.066215	492 mi	7 hours 49 mins	496.021623607	486.017646299	496.108	522.216666667
54755	35.537914	-82.865703	36.168893	-76.072630	445 mi	6 hours 49 mins	452.719731783	431.439293101	437.512	451.25
54756	35.049003	-84.307637	36.283105	-76.386147	538 mi	8 hours 27 mins	544.88008523	528.608006527	527.892	553.7
54757	35.086236	-76.652283	35.094078	-83.695237	489 mi	7 hours 52 mins	493.02937543	487.665374098	490.487	525.666666667
54758	35.208865	-75.694742	35.322800	-83.807060	587 mi	9 hours 23 mins	590.634578119	579.522186612	589.796	612.916666667
54759	35.022246	-84.095014	36.082560	-76.598572	499 mi	7 hours 39 mins	503.172006063	475.888693829	488.112	495.133333333
54760	36.463365	-76.024891	35.305782	-83.788668	522 mi	8 hours 6 mins	531.637574127	515.290010043	522.5861	529.133333333
54761	35.452799	-76.632507	35.406166	-83.469564	447 mi	6 hours 51 mins	449.885459619	426.324980729	442.779	452.766666667
54762	35.109542	-83.911660	36.243603	-76.223535	521 mi	8 hours 7 mins	527.591511207	510.61632184	518.5939	541.416666667
54763	35.041756	-83.901875	36.310706	-76.228538	519 mi	8 hours 2 mins	525.446762598	498.234492466	508.351	522.083333333
54764	35.073167	-83.265254	35.843385	-76.366119	472 mi	7 hours 18 mins	475.818584996	454.984657528	460.974	478.183333333
54765	36.477275	-76.100108	35.355587	-83.731640	515 mi	7 hours 57 mins	520.335930206	499.147816933	512.1121	519.9
54766	36.294060	-76.146856	35.393251	-83.129615	457 mi	6 hours 55 mins	464.042023631	432.613572967	454.447	447.366666667
54767	35.102671	-84.035408	36.247077	-76.137353	529 mi	8 hours 15 mins	533.898124209	515.66217994	516.636	538.483333333
54768	35.876895	-76.455373	35.445662	-83.426681	454 mi	6 hours 55 mins	458.034788824	430.652343441	450.9971	448.85
54769	35.554516	-82.680854	36.092334	-75.815755	468 mi	7 hours 7 mins	482.502704251	461.201004367	456.899	465.216666667
54770	35.044088	-83.940650	36.282225	-77.012059	476 mi	7 hours 27 mins	483.790620234	461.088777534	468.785	491.033333333
54771	35.151388	-83.424673	36.540384	-76.752678	439 mi	7 hours 4 mins	453.799727694	434.53522436	441.633	464.833333333
54772	35.415089	-83.714741	35.020831	-76.772479	471 mi	7 hours 26 mins	474.502054361	459.706466592	471.345	491.016666667
54773	36.299732	-76.253353	35.081165	-83.751906	511 mi	7 hours 54 mins	518.059143067	492.287209006	508.545	514.25
54774	35.074656	-83.187825	36.304012	-76.259514	474 mi	7 hours 39 mins	497.629969313	480.55328056	463.42	491.216666667
54775	35.486382	-76.976625	35.322471	-83.791034	449 mi	6 hours 55 mins	452.762983273	430.356948405	446.0331	456.683333333
54776	35.130287	-83.431679	36.078907	-76.430152	470 mi	7 hours 12 mins	474.753002237	453.014207167	459.482	482.083333333
54777	35.508265	-83.069699	36.492142	-76.338714	456 mi	6 hours 51 mins	457.371413771	435.270856428	446.056	450.833333333
54778	34.720774	-76.706901	35.098636	-84.015525	502 mi	8 hours 0 mins	506.283672279	499.80137912	511.97	528.65
54779	35.166274	-83.370957	36.261602	-76.201459	481 mi	7 hours 18 mins	486.967210215	455.344979168	469.803	477.05
54780	34.722023	-76.518800	35.343251	-83.818256	499 mi	7 hours 56 mins	503.026031501	494.149273303	499.718	533.533333333
54781	36.452460	-76.067322	35.236966	-82.732931	454 mi	7 hours 5 mins	468.867285846	449.659956246	450.941	454.533333333
54782	35.436826	-83.495176	36.214994	-76.710790	462 mi	7 hours 5 mins	466.207112375	443.069849771	451.111	469.05
54783	36.514399	-76.242593	35.034983	-83.842326	500 mi	8 hours 13 mins	534.626819871	516.496524822	528.998	539.983333333
54784	34.962251	-76.937065	35.344087	-83.715501	460 mi	7 hours 12 mins	463.142480236	447.616819663	455.7581	464.433333333
54785	34.989057	-83.825905	36.411221	-76.753766	470 mi	7 hours 38 mins	494.6995852	480.844450163	473.69	500.133333333
54786	36.376102	-76.150999	35.202960	-83.870306	516 mi	8 hours 0 mins	539.970143548	525.101762371	545.106	554.15
54787	36.285186	-76.254227	35.416500	-83.465318	474 mi	7 hours 9 mins	480.815268539	448.443806986	471.272	462.25
54788	35.445167	-83.006663	35.431752	-76.240644	443 mi	6 hours 51 mins	452.756149851	427.239957084	444.374	458.783333333
54789	35.207548	-83.815953	36.213055	-76.431169	491 mi	7 hours 30 mins	496.104287865	468.070690971	480.161	485.383333333
54790	36.203136	-76.928931	35.031118	-84.194483	494 mi	7 hours 46 mins	503.071749688	483.818354071	502.334	512.0
54791	34.821487	-76.684037	35.101391	-83.952503	498 mi	7 hours 54 mins	501.685058387	491.692013331	506.547	528.016666667
54792	35.015976	-84.190425	36.411566	-77.125616	463 mi	7 hours 32 mins	490.223241015	474.405994807	465.86	489.083333333
54793	35.064780	-83.901199	36.424574	-77.117758	448 mi	7 hours 15 mins	475.700548969	456.050574902	451.385	474.0
54794	34.765490	-76.665284	35.198164	-83.829787	490 mi	7 hours 49 mins	494.466145329	485.513684146	490.8441	512.1
54795	36.338900	-76.971375	35.052714	-83.819264	471 mi	7 hours 17 mins	477.235391408	462.521089205	472.1671	475.683333333
54796	36.082612	-75.792973	35.436958	-83.454088	517 mi	8 hours 0 mins	532.925419227	513.55242831	514.144	516.35
54797	35.422874	-77.079725	35.017275	-84.289746	489 mi	7 hours 36 mins	492.64633694	471.647486926	492.196	504.866666667
54798	35.073750	-83.815700	34.976716	-76.823873	489 mi	7 hours 47 mins	492.787520258	482.352413882	489.66	512.966666667
54799	35.378304	-83.208126	36.280830	-76.372245	451 mi	6 hours 49 mins	460.093812033	428.193764242	443.021	449.783333333
54800	36.169238	-76.711655	34.996962	-84.060666	511 mi	7 hours 56 mins	514.94248235	495.481055201	514.1219	525.083333333
54801	35.287571	-83.144095	36.246438	-76.325341	460 mi	7 hours 0 mins	466.004231764	432.825750328	448.788	451.716666667
54802	35.074882	-83.327142	35.705659	-76.109887	496 mi	7 hours 46 mins	500.684703184	480.757397428	485.545	518.183333333
54803	35.924687	-75.674286	35.810419	-82.725461	460 mi	7 hours 2 mins	464.669714364	439.236622259	457.901	457.75
54804	36.436284	-76.818268	35.362101	-83.539306	430 mi	6 hours 56 mins	459.207197952	438.023755613	454.057	452.983333333
54805	36.244771	-76.588256	35.020866	-84.250936	520 mi	8 hours 6 mins	524.825094652	504.550587773	523.985	535.133333333
54806	34.726170	-76.540860	35.167903	-83.413538	477 mi	7 hours 33 mins	480.350707719	468.652253511	477.248	501.666666667
54807	34.989626	-83.824682	36.346557	-77.160773	443 mi	7 hours 13 mins	469.876402112	453.438339741	450.8911	476.15
54808	34.687957	-76.535134	35.310832	-83.480895	485 mi	7 hours 50 mins	489.083393585	484.755682283	485.6931	521.15
54809	35.174480	-83.333622	36.310834	-76.084165	489 mi	7 hours 30 mins	512.412413038	492.861846493	478.131	490.683333333
54810	36.253329	-76.679300	35.015887	-83.861737	501 mi	7 hours 45 mins	505.606974286	481.705279727	498.801	505.45
54811	36.159525	-75.848934	35.497001	-82.869358	467 mi	7 hours 12 mins	482.898351719	465.395176929	464.778	466.183333333
54812	35.305782	-83.788668	35.180455	-76.968034	461 mi	7 hours 16 mins	465.032507105	450.339667149	464.971	483.866666667
54813	35.828889	-76.779074	35.094078	-83.695237	467 mi	7 hours 14 mins	471.417116384	449.175950933	464.4861	471.866666667
54814	35.399466	-83.193150	36.164010	-76.257362	455 mi	6 hours 56 mins	459.32427002	432.750127203	443.426	459.666666667
54815	35.227701	-83.439755	35.797098	-76.608885	450 mi	7 hours 0 mins	456.747130147	438.911510097	438.51	456.283333333
54816	35.463385	-82.502628	35.558540	-75.467878	469 mi	7 hours 14 mins	473.082957021	448.826486572	457.7941	469.8
54817	35.424015	-83.369229	35.482301	-76.035418	482 mi	7 hours 30 mins	492.369862362	466.66646207	482.302	500.583333333
54818	35.404831	-76.874746	35.027527	-84.029790	487 mi	7 hours 39 mins	490.672699708	473.664438891	489.0821	520.716666667
54819	35.125158	-83.394295	36.256887	-76.096866	494 mi	7 hours 35 mins	516.523613637	502.454183145	483.4919	495.483333333
54820	34.903019	-76.923749	35.051732	-83.818267	478 mi	7 hours 30 mins	479.983713698	466.50657761	478.245	489.766666667
54821	35.319650	-83.795454	35.954063	-76.496537	477 mi	7 hours 20 mins	482.676331247	454.209548762	466.31	484.933333333
54822	36.474701	-76.036692	35.391296	-83.185014	475 mi	7 hours 15 mins	483.391419189	460.934332611	471	468.983333333
54823	35.059890	-83.813094	35.077081	-77.043431	465 mi	7 hours 18 mins	468.483154756	452.548896966	465.192	481.616666667
54824	35.159284	-83.394141	35.848003	-76.391782	461 mi	6 hours 59 mins	464.360705094	434.205284298	449.5619	456.833333333
54825	35.391675	-83.187361	36.246438	-76.325341	448 mi	6 hours 42 mins	454.109309285	415.757433696	436.828	435.783333333
54826	36.249369	-76.999361	35.330637	-83.767765	457 mi	7 hours 3 mins	465.245627247	451.185274187	457.0211	467.783333333
54827	35.024983	-84.199405	36.438781	-76.422587	508 mi	8 hours 25 mins	540.547772932	529.052471833	510.7271	545.016666667
54828	35.695408	-82.596891	35.264075	-75.593040	499 mi	7 hours 49 mins	503.147025559	484.666307019	487.847	511.633333333
54829	35.497466	-77.060174	35.080468	-83.811053	461 mi	7 hours 8 mins	464.997360582	443.110745304	458.191	468.366666667
54830	35.174742	-83.360749	35.492549	-76.322878	471 mi	7 hours 25 mins	481.347860303	453.463340664	471.406	492.666666667
54831	35.183719	-83.283786	36.409472	-76.410597	458 mi	7 hours 29 mins	491.012825071	475.616947672	460.989	491.583333333
54832	34.738678	-76.756615	35.309483	-83.912467	495 mi	8 hours 7 mins	499.074210839	498.331794909	496.1641	532.733333333
54833	34.758315	-76.634878	35.108543	-83.414266	473 mi	7 hours 30 mins	477.107428265	466.896068376	476.072	491.65
54834	35.065423	-83.998582	35.108144	-76.619759	503 mi	8 hours 3 mins	507.679930437	499.985819405	503.6341	540.116666667
54835	35.075646	-83.839487	36.515459	-76.241535	534 mi	8 hours 18 mins	534.882091624	522.400368613	531.355	561.166666667
54836	35.222431	-83.562305	36.280830	-76.372245	500 mi	7 hours 52 mins	508.727679513	491.695837213	487.977	523.883333333
54837	34.993447	-83.810638	36.428767	-76.881438	462 mi	7 hours 29 mins	491.103393335	472.067542937	464.577	489.983333333
54838	35.299387	-83.800373	35.852764	-76.438316	487 mi	7 hours 31 mins	490.733152969	466.103767074	481.085	499.316666667
54839	35.046425	-83.823444	36.231173	-76.220984	514 mi	7 hours 54 mins	519.639657912	495.642000314	502.467	524.066666667
54840	35.118977	-83.892398	36.425973	-76.902455	466 mi	7 hours 39 mins	493.299462957	482.692928559	468.8	503.666666667
54841	35.344087	-83.715501	35.856095	-76.743943	457 mi	6 hours 57 mins	461.141045411	432.017198923	440.403	447.533333333
54842	35.210092	-83.377103	35.897723	-76.324197	464 mi	7 hours 4 mins	467.48590166	439.104852923	453.211	462.75
54843	35.974384	-76.205647	35.046710	-83.962222	515 mi	7 hours 57 mins	517.460444169	499.228491612	512.7811	520.283333333
54844	35.019192	-84.050630	35.319279	-77.288686	462 mi	7 hours 18 mins	477.838991446	464.216366736	467.2141	489.666666667
54845	35.098636	-84.015525	36.333270	-76.219535	522 mi	8 hours 1 min	538.920772132	525.923767118	510.73	522.083333333
54846	36.498611	-76.192516	35.466115	-83.020999	431 mi	7 hours 2 mins	461.295642955	437.473358883	457.656	459.966666667
54847	36.159558	-76.895021	35.287167	-83.784101	471 mi	7 hours 13 mins	474.930778301	453.940370105	470.753	477.933333333
54848	35.209445	-83.360219	35.707022	-76.139675	478 mi	7 hours 16 mins	481.933499187	450.859409983	466.826	480.066666667
54849	35.014979	-84.311576	36.281818	-76.764455	494 mi	8 hours 6 mins	524.26043013	501.034610082	501.919	526.95
54850	36.229610	-76.939533	35.028017	-83.803746	472 mi	7 hours 19 mins	483.832507639	456.77047786	477.0621	476.05
54851	35.897168	-75.671828	35.331137	-83.591630	509 mi	7 hours 43 mins	513.27107764	482.229939763	506.646	500.233333333
54852	35.456035	-76.022442	35.424664	-83.453801	489 mi	7 hours 41 mins	499.690904512	480.273546414	488.825	506.583333333
54853	35.002113	-83.825596	35.008291	-76.856126	487 mi	7 hours 39 mins	490.893992721	478.077173252	487.6211	504.816666667
54854	35.002031	-84.302805	36.380793	-76.657071	499 mi	8 hours 10 mins	541.178496863	518.11394302	502.541	537.7
54855	36.238835	-75.866841	35.272077	-83.403564	510 mi	7 hours 56 mins	530.975444872	518.34443837	506.99	513.683333333
54856	35.117058	-83.396533	35.844784	-76.420022	464 mi	7 hours 1 min	468.252319728	438.203383962	453.4359	463.283333333
54857	35.114728	-83.397742	36.328086	-76.286793	485 mi	7 hours 22 mins	501.169101653	486.314134659	479.853	486.933333333
54858	35.158902	-84.056232	35.068518	-77.019258	480 mi	7 hours 40 mins	482.054323169	476.915522523	479.098	507.483333333
54859	35.093274	-83.931092	35.808443	-76.421268	503 mi	7 hours 51 mins	500.100161467	483.012805461	491.615	515.4
54860	35.567891	-82.865459	36.007789	-75.676918	467 mi	7 hours 7 mins	500.329881677	486.805881657	456.207	466.366666667
54861	35.570979	-77.039270	35.197776	-83.863872	448 mi	6 hours 53 mins	452.847428885	428.175375447	480.861	489.333333333
54862	34.736013	-76.746523	35.084450	-84.024219	501 mi	7 hours 59 mins	505.289417218	497.38148692	509.292	528.166666667
54863	35.072358	-84.144370	35.880563	-76.454614	509 mi	7 hours 55 mins	513.055407236	492.55638532	498.044	516.2
54864	34.996962	-84.060666	35.305912	-76.591695	518 mi	8 hours 23 mins	520.428773787	517.021529956	516.006	556.383333333
54865	35.013999	-84.277799	36.395931	-77.625513	438 mi	7 hours 0 mins	460.749861606	436.492682748	438.979	451.816666667
54866	35.087193	-84.018388	36.337542	-76.175802	526 mi	8 hours 8 mins	546.567379835	536.631975111	515.048	528.15
54867	35.583785	-75.462157	35.901103	-82.270614	461 mi	7 hours 18 mins	464.717705052	452.986198604	458.037	473.416666667
54868	35.384151	-83.213468	36.277965	-76.364943	451 mi	6 hours 48 mins	459.835368099	428.059891454	442.782	448.75
54869	35.006071	-84.023730	35.625193	-77.264916	459 mi	7 hours 11 mins	459.814218197	437.80816103	451.833	468.25
54870	35.203163	-83.763048	35.456321	-76.135711	507 mi	7 hours 57 mins	516.856021967	495.500445431	507.067	525.283333333
54871	36.382002	-76.257244	35.253003	-83.439216	491 mi	7 hours 37 mins	509.303490776	498.321792893	488.66	496.216666667
54872	34.994992	-84.108018	35.992148	-77.306516	450 mi	7 hours 7 mins	462.314941039	442.87759762	447.922	464.333333333
54873	35.440736	-83.439787	35.508406	-76.002495	489 mi	7 hours 39 mins	500.823319829	477.039635398	490.816	509.816666667
54874	36.106798	-75.826814	35.218180	-82.761675	479 mi	7 hours 33 mins	500.766789199	486.047329146	475.987	481.9
54875	36.333385	-76.592703	35.430613	-83.447234	438 mi	7 hours 9 mins	475.581172258	445.872673585	465.788	469.983333333
54876	35.166440	-84.135289	35.262899	-75.592965	610 mi	9 hours 52 mins	612.61596318	608.253231603	598.303	653.616666667
54877	34.692152	-76.531179	35.038460	-83.754990	509 mi	8 hours 10 mins	512.732668457	507.247215256	509.462	543.683333333
54878	36.099215	-75.714705	35.415344	-83.428994	515 mi	7 hours 56 mins	536.508341056	520.093950367	512.2661	516.583333333
54879	35.337538	-83.792576	36.197783	-76.749811	478 mi	7 hours 20 mins	481.718507069	453.854939442	466.763	488.4
54880	34.762967	-76.834449	35.122648	-84.292240	518 mi	8 hours 20 mins	521.786966716	518.017804142	524.707	551.366666667
54881	35.203128	-83.368012	35.885584	-76.231073	465 mi	7 hours 0 mins	469.071505465	435.376739022	453.7	456.833333333
54882	35.344570	-83.751969	36.461677	-76.812376	449 mi	7 hours 15 mins	477.343013127	457.503732797	451.782	478.0
54883	35.378227	-83.205993	36.080307	-76.423136	441 mi	6 hours 38 mins	445.674924999	416.679249551	430.456	441.816666667
54884	35.113145	-84.013233	36.498009	-77.146419	449 mi	7 hours 19 mins	477.742921108	460.616544515	455.264	480.733333333
54885	34.720774	-76.706901	35.288519	-83.902769	498 mi	8 hours 7 mins	501.785949708	503.629642158	497.5431	532.35
54886	35.284707	-76.764337	35.022396	-83.670476	474 mi	7 hours 21 mins	487.872380773	466.446205206	471.418	487.233333333
54887	35.915316	-75.675484	35.420682	-83.415191	498 mi	7 hours 36 mins	502.122915916	474.636195795	495.17	493.466666667
54888	35.935330	-76.923467	35.009018	-83.801193	464 mi	7 hours 7 mins	468.240419144	442.033114722	461.6371	465.633333333
54889	35.034983	-83.842326	36.317212	-76.175729	517 mi	7 hours 58 mins	539.862263511	528.107382266	506.478	518.883333333
54890	35.444516	-83.453000	36.249620	-76.323945	470 mi	7 hours 6 mins	476.192704814	442.153565373	458.722	465.666666667
54891	36.026829	-76.582841	35.373880	-83.502497	455 mi	6 hours 51 mins	458.524698951	429.214933613	452.389	441.6
54892	35.582736	-77.033820	35.071082	-84.244435	480 mi	7 hours 33 mins	484.337704873	468.813615145	484.092	505.033333333
54893	35.707167	-82.623255	36.240730	-75.871626	453 mi	6 hours 58 mins	468.033387333	449.701386086	441.345	454.266666667
54894	35.112006	-75.977202	34.998153	-83.333972	605 mi	10 hours 36 mins	604.164818371	625.624009009	598.361	652.75
54895	35.337804	-83.891389	34.807928	-77.134442	471 mi	7 hours 39 mins	478.215185607	472.329138651	475.072	505.266666667
54896	35.063737	-84.005011	36.334566	-76.586734	489 mi	8 hours 9 mins	525.614952811	502.65016018	491.6501	536.1
54897	36.247322	-75.879060	35.438213	-83.458323	504 mi	7 hours 46 mins	520.412803404	500.534745722	501.223	500.766666667
54898	34.997629	-83.824069	35.708398	-76.127476	519 mi	8 hours 1 min	522.980242848	497.558250466	507.917	529.3
54899	36.052749	-76.474274	35.422864	-83.761298	481 mi	7 hours 25 mins	485.503160503	460.275285267	477.889	484.816666667
54900	36.228845	-76.697281	35.002092	-83.919495	505 mi	7 hours 55 mins	511.823875918	497.048129041	502.858	519.933333333
54901	35.428433	-83.089907	35.850085	-75.656517	473 mi	7 hours 8 mins	477.928126243	445.740640481	462.585	468.1
54902	35.913302	-75.677818	34.996475	-83.748705	536 mi	8 hours 16 mins	539.634831931	515.732929574	533.2551	536.416666667
54903	35.296364	-83.784058	36.363217	-76.308826	509 mi	7 hours 45 mins	520.24558206	503.95392941	498.143	506.65
54904	35.547428	-82.732834	36.082612	-75.792973	464 mi	7 hours 8 mins	478.641476197	460.290053575	452.932	464.266666667
54905	36.095132	-76.667790	35.111037	-84.040843	492 mi	7 hours 36 mins	496.090791659	474.774192853	496.826	505.533333333
54906	35.203871	-82.753489	36.474379	-76.036590	460 mi	7 hours 15 mins	473.930980059	460.710134184	449.663	471.85
54907	36.111667	-76.406630	35.024451	-83.682538	491 mi	7 hours 30 mins	494.977953674	473.537391831	488.2371	496.016666667
54908	35.130110	-83.405127	36.412580	-76.598049	448 mi	7 hours 16 mins	486.130818775	456.700953385	449.88	475.433333333
54909	36.224785	-76.698548	35.410626	-83.480657	462 mi	7 hours 1 min	465.751643758	440.030926939	458.9651	460.75
54910	36.389241	-76.246931	35.037757	-83.757481	493 mi	8 hours 4 mins	532.683531901	515.179388922	516.842	519.15
54911	35.117976	-83.499656	35.712147	-76.114092	492 mi	7 hours 38 mins	496.485141768	471.661597289	481.319	504.516666667
54912	36.445453	-76.272503	35.006071	-84.023730	511 mi	8 hours 33 mins	548.421441937	542.147525855	539.3381	558.483333333
54913	35.478307	-76.012115	35.270616	-83.066644	487 mi	7 hours 47 mins	499.780547218	487.174185428	490.141	516.183333333
54914	36.019532	-76.576982	35.409835	-83.363278	448 mi	6 hours 51 mins	451.653876948	426.773608977	445.523	443.733333333
54915	35.134877	-82.900457	35.705659	-76.109887	456 mi	7 hours 14 mins	465.898449422	447.415977139	445.054	471.416666667
54916	35.031305	-84.026057	35.540114	-77.235386	453 mi	7 hours 9 mins	456.939488158	444.676413395	449.592	478.133333333
54917	35.118940	-83.956541	36.423179	-76.420393	490 mi	8 hours 1 min	523.309707339	510.360720427	493.413	525.433333333
54918	36.319551	-76.602759	34.990250	-84.042371	494 mi	8 hours 11 mins	529.55155056	508.337239485	525.976	539.783333333
54919	35.299981	-83.627576	35.982510	-76.195571	483 mi	7 hours 29 mins	496.540686673	482.52726088	472.437	487.3
54920	35.290907	-83.785156	36.433044	-77.126245	435 mi	7 hours 2 mins	462.328511792	440.773981028	438.186	456.95
54921	35.917612	-75.702105	35.240602	-82.741574	463 mi	7 hours 12 mins	472.633539491	447.583093016	459.898	463.383333333
54922	35.455158	-83.467399	36.518055	-76.637425	444 mi	7 hours 17 mins	455.612545925	442.675224895	458.918	479.316666667
54923	35.125788	-83.959893	36.320821	-75.939690	539 mi	8 hours 22 mins	553.318909787	539.717311358	527.744	543.95
54924	36.163613	-76.682827	35.449854	-83.449522	455 mi	6 hours 52 mins	459.053025758	428.718900084	451.9571	448.216666667
54925	36.426805	-76.605899	35.224204	-83.365306	436 mi	7 hours 2 mins	467.666981819	446.648599148	459.488	460.6
54926	35.909809	-75.675283	35.322199	-83.578397	509 mi	7 hours 45 mins	513.641113821	483.735738822	506.746	501.133333333
54927	35.092156	-84.040859	35.861024	-77.111506	457 mi	7 hours 3 mins	461.400368716	440.177221369	446.016	462.75
54928	35.076131	-84.287805	36.363217	-76.308826	545 mi	8 hours 36 mins	556.199696938	554.094943888	533.778	563.416666667
54929	35.224204	-83.365306	36.480184	-76.327061	486 mi	7 hours 20 mins	489.756707208	467.997724983	474.678	479.383333333
54930	34.903019	-76.923749	35.078443	-83.757264	476 mi	7 hours 32 mins	478.061573145	467.947648177	476.392	493.583333333
54931	34.962048	-76.933843	35.197475	-83.712714	471 mi	7 hours 29 mins	467.910573084	460.361485484	469.088	508.0
54932	35.458446	-76.075309	35.128582	-83.175982	484 mi	8 hours 5 mins	507.874531383	502.255763679	483.9	526.6
54933	35.174926	-83.934810	36.240518	-76.027029	528 mi	8 hours 14 mins	552.114658035	541.019036092	517.347	536.25
54934	36.023908	-76.584313	35.269988	-83.752688	479 mi	7 hours 22 mins	482.580158895	461.515244957	476.485	472.416666667
54935	35.192746	-84.220108	36.172931	-77.125397	486 mi	7 hours 55 mins	491.970886382	484.27879939	483.864	525.483333333
54936	35.155440	-84.082065	35.222800	-76.774134	504 mi	8 hours 2 mins	503.015728931	504.859284401	500.47	541.4
54937	35.904926	-75.682320	35.572749	-82.825706	455 mi	6 hours 54 mins	458.746097418	431.175234429	452.119	447.6
54938	36.212632	-76.838618	35.034704	-83.742539	474 mi	7 hours 23 mins	485.065654965	458.627283759	479.018	480.133333333
54939	36.474662	-76.040116	35.402394	-83.531423	502 mi	7 hours 54 mins	510.053216628	494.082841032	497.646	506.933333333
54940	35.204943	-83.827697	36.406238	-76.399084	481 mi	7 hours 50 mins	513.654591395	498.752844103	483.895	512.033333333
54941	35.297538	-83.873196	36.468826	-76.801791	462 mi	7 hours 40 mins	486.408454273	478.761530583	469.075	504.266666667
54942	36.098624	-77.187281	35.038356	-83.872767	452 mi	6 hours 55 mins	459.052009607	433.397357031	452.904	450.2
54943	35.112274	-75.976454	35.438179	-83.436314	583 mi	10 hours 12 mins	582.609455258	600.403991845	576.535	624.633333333
54944	35.073750	-83.815700	36.282100	-76.714669	496 mi	7 hours 42 mins	500.751990685	480.829434328	481.6339	517.083333333
54945	36.107116	-76.764993	35.053778	-83.931595	486 mi	7 hours 26 mins	490.45705771	462.860446445	483.685	482.416666667
54946	35.175793	-83.651034	35.245424	-76.592429	480 mi	7 hours 42 mins	482.424706496	479.859500602	477.204	517.633333333
54947	36.467528	-76.287662	35.166433	-82.941816	439 mi	7 hours 29 mins	480.695220849	477.001984724	467.201	481.416666667
54948	36.087500	-76.430035	35.442551	-83.439270	461 mi	7 hours 1 min	465.036850963	440.19381474	458.05	461.216666667
54949	36.476746	-76.035640	35.380575	-83.264563	479 mi	7 hours 17 mins	488.489814559	465.984867283	476.332	473.683333333
54950	35.187873	-83.839612	35.820386	-77.093914	440 mi	6 hours 45 mins	445.231715271	420.124136508	429.437	436.5
54951	35.452120	-76.020158	35.897183	-82.840618	463 mi	7 hours 23 mins	473.686064075	461.965444928	462.914	485.633333333
54952	35.322251	-83.487401	36.247995	-76.257200	484 mi	7 hours 27 mins	490.086319852	464.899846004	472.904	487.816666667
54953	35.118940	-83.956541	35.193177	-77.021940	470 mi	7 hours 26 mins	480.988051624	471.474451827	468.493	496.683333333
54954	35.427742	-76.892569	35.006840	-83.872149	479 mi	7 hours 26 mins	482.75372891	464.634913232	476.114	498.316666667
54955	35.043721	-84.141387	36.189487	-76.493952	514 mi	7 hours 55 mins	517.706796877	492.906003664	502.284	516.4
54956	34.998154	-84.075018	35.866697	-77.116487	463 mi	7 hours 7 mins	467.647588441	445.245515303	452.122	465.45
54957	35.375565	-83.247367	35.952370	-76.299758	451 mi	6 hours 54 mins	456.13401252	429.099873796	442.034	449.016666667
54958	35.037076	-83.793906	36.529603	-76.641317	477 mi	7 hours 48 mins	487.738835576	474.598980689	491.462	509.983333333
54959	35.082140	-84.024490	36.183170	-76.527859	507 mi	7 hours 47 mins	511.627171147	485.544131707	496.07	512.416666667
54960	35.066487	-84.287277	34.715293	-77.298612	505 mi	8 hours 8 mins	507.118069446	505.579229367	506.228	528.9
54961	35.338636	-83.431869	36.275423	-76.100166	493 mi	7 hours 37 mins	515.183793556	505.578596259	481.8029	500.6
54962	35.047821	-77.097936	35.366572	-83.856248	462 mi	7 hours 16 mins	466.247623654	450.492346935	462.7581	481.633333333
54963	36.240288	-76.613151	35.092145	-83.375438	470 mi	7 hours 14 mins	474.390337778	447.970169106	467.521	470.0
54964	36.017792	-76.930620	35.017918	-83.808201	466 mi	7 hours 7 mins	470.967456663	446.526890779	464.213	465.533333333
54965	36.196627	-76.768340	35.032745	-83.742479	483 mi	7 hours 22 mins	486.402941935	459.433495692	479.9761	482.116666667
54966	36.024048	-76.582021	35.101391	-83.952503	494 mi	7 hours 39 mins	497.564188771	477.482123646	499.756	503.616666667
54967	34.698892	-76.569421	35.321860	-83.799027	499 mi	7 hours 57 mins	502.866496574	492.687225862	499.575	534.45
54968	35.097718	-83.959593	36.198899	-76.508533	503 mi	7 hours 46 mins	507.948758694	482.7327314	492.162	508.216666667
54969	35.567344	-82.957535	36.339368	-76.239030	440 mi	6 hours 35 mins	456.106409518	433.559816091	429.382	429.566666667
54970	35.484970	-77.173821	35.028555	-83.954401	459 mi	7 hours 15 mins	462.06889539	453.311702277	456.492	474.916666667
54971	36.438361	-76.289715	35.442933	-83.439074	457 mi	7 hours 29 mins	496.832726199	479.648781194	484.864	482.366666667
54972	35.022246	-84.095014	35.834481	-77.170766	456 mi	6 hours 58 mins	459.903186118	433.676321142	444.781	450.983333333
54973	35.325251	-83.797251	36.258068	-76.322994	496 mi	7 hours 33 mins	502.368753387	469.578739576	485.274	500.766666667
54974	36.469676	-76.035334	35.022672	-83.719359	526 mi	8 hours 9 mins	535.173435439	517.889651842	523.1411	529.4
54975	35.072394	-83.839361	35.071558	-77.055414	469 mi	7 hours 27 mins	472.561726431	461.234653542	469.428	493.833333333
54976	35.444214	-83.455312	35.410908	-76.305378	471 mi	7 hours 20 mins	480.954427487	455.094716377	471.336	488.75
54977	36.231514	-76.696805	35.071082	-84.244435	522 mi	8 hours 16 mins	526.384512443	515.003811931	525.6121	550.9
54978	35.838425	-76.355062	35.321300	-83.601146	469 mi	7 hours 9 mins	473.295569319	446.7410218	466.477	464.583333333
54979	36.071354	-75.732648	35.422864	-83.761298	540 mi	8 hours 22 mins	562.436079369	547.375974631	537.2791	547.4
54980	36.349469	-76.073040	35.342224	-83.742651	510 mi	7 hours 50 mins	530.096403288	510.30313658	507.612	513.4
54981	35.882766	-76.435257	35.313498	-83.797808	478 mi	7 hours 16 mins	482.718116755	453.457763688	479.787	475.0
54982	35.410167	-76.598779	35.016048	-83.910921	496 mi	7 hours 57 mins	502.636049884	494.660281601	491.989	529.533333333
54983	35.217820	-83.435889	35.456321	-76.135711	486 mi	7 hours 38 mins	497.404477846	476.58693495	487.413	508.416666667
54984	35.206716	-83.326374	35.951843	-76.127344	473 mi	7 hours 13 mins	476.473707199	448.826895958	460.989	471.566666667
54985	36.539968	-76.717597	35.376156	-83.694400	449 mi	7 hours 15 mins	465.428001356	445.242668916	472.417	479.533333333
54986	35.021921	-83.718745	36.385615	-76.702503	463 mi	7 hours 30 mins	492.760803125	477.188441034	466.284	494.7
54987	35.071082	-84.244435	35.243794	-77.060386	487 mi	7 hours 49 mins	495.697729513	493.654084943	484.706	522.45
54988	35.022167	-83.667210	36.347281	-76.604427	468 mi	7 hours 40 mins	503.378572435	474.642129244	471.255	507.15
54989	34.804426	-76.893612	34.999440	-83.927463	493 mi	7 hours 51 mins	500.421265097	493.201810069	493.629	513.866666667
54990	35.384683	-83.214329	36.336562	-76.225642	460 mi	6 hours 58 mins	476.836964551	457.234033004	449.476	454.8
54991	35.387143	-83.352340	36.367810	-76.274179	478 mi	7 hours 16 mins	489.785373228	475.24812449	467.2119	479.05
54992	35.024342	-83.665126	35.456463	-76.534293	496 mi	7 hours 57 mins	506.516992728	488.255120134	496.866	529.95
54993	36.438361	-76.289715	35.151558	-84.061600	507 mi	8 hours 30 mins	546.972980026	543.055557097	542.0611	561.15
54994	35.264075	-75.593040	35.397225	-83.128095	528 mi	8 hours 16 mins	531.831528638	511.590186034	525.324	533.883333333
54995	35.093931	-83.916038	35.208237	-75.696384	604 mi	9 hours 46 mins	608.123000686	602.482145937	594.0289	635.3
54996	35.105776	-84.009680	36.469676	-76.035334	537 mi	8 hours 20 mins	544.866949106	529.8414961	526.4879	544.733333333
54997	35.116807	-84.089585	36.424847	-77.313188	446 mi	7 hours 17 mins	472.433004007	456.331764067	448.6201	478.533333333
54998	36.230326	-76.698014	35.020308	-84.010452	511 mi	7 hours 58 mins	513.704023441	497.346085102	508.858	528.066666667
54999	36.184391	-76.718133	35.329427	-83.809967	484 mi	7 hours 25 mins	488.415316651	462.769212836	481.5671	490.983333333
55000	35.347325	-83.206882	36.406238	-76.399084	435 mi	7 hours 3 mins	467.684684489	448.347322606	437.795	461.633333333
