ODIndex	originLat	originLng	destinationLat	destinationLng	GoogleMile	GoogleMin	ArcGISMile	ArcGISMin	OSMMile	OSMMin
57501	35.221960	-77.055647	36.367740	-80.181035	232 mi	3 hours 48 mins	234.752836714	240.538297868	227.86	255.95
57502	35.117497	-75.975848	35.276891	-83.451498	591 mi	10 hours 27 mins	595.190713109	623.162725561	584.399	643.166666667
57503	35.487706	-78.785939	35.435089	-83.437769	319 mi	5 hours 6 mins	321.734598769	313.822266268	319.425	331.016666667
57504	33.929095	-78.274790	35.137162	-84.268230	443 mi	7 hours 23 mins	444.798174363	460.217355933	434.166	481.616666667
57505	34.699919	-77.509292	36.412768	-76.604264	160 mi	2 hours 53 mins	167.886792637	184.487149552	160.139	196.883333333
57506	35.328062	-77.636768	34.340990	-77.814907	87.6 mi	1 hour 34 mins	90.3637409016	100.656223052	93.634	110.716666667
57507	36.550298	-81.531516	36.518117	-77.818171	264 mi	4 hours 31 mins	270.987474061	276.284944927	266.664	308.083333333
57508	35.972614	-81.455504	36.453093	-81.300330	53.8 mi	1 hour 18 mins	53.9480412705	73.1951824186	53.94	87.6
57509	35.318055	-77.545670	35.551450	-77.386101	21.4 mi	24 mins	21.3365768011	25.5625289871	21.375	29.25
57510	35.754004	-79.454832	35.519458	-80.660629	94.7 mi	1 hour 30 mins	93.816358244	94.9821702923	92.179	101.316666667
57511	35.253450	-81.176516	35.430136	-81.350664	19.8 mi	28 mins	19.2247653766	27.9519760935	22.752	32.0333333333
57512	35.576540	-82.979387	35.786470	-77.860688	324 mi	4 hours 52 mins	329.522418984	305.749939327	327.814	325.3
57513	35.899901	-78.622711	35.746258	-78.254403	35.0 mi	35 mins	30.0761633899	34.7576921606	30.994	41.9833333333
57514	36.077531	-81.779527	34.733190	-79.230132	215 mi	4 hours 7 mins	222.145205694	257.731104793	221.191	260.6
57515	35.982626	-81.439765	35.125768	-83.402890	150 mi	2 hours 37 mins	152.374349931	165.188851968	151.665	170.716666667
57516	36.487047	-80.516034	35.189296	-80.494900	114 mi	2 hours 4 mins	116.860058922	131.12075402	119.904	142.966666667
57517	36.414179	-77.612091	35.506485	-83.077053	343 mi	5 hours 22 mins	347.111800277	335.085936257	343.451	351.166666667
57518	34.758569	-77.334094	35.914407	-80.541042	249 mi	3 hours 53 mins	246.659660808	242.148675349	255.129	261.166666667
57519	35.762652	-78.883529	34.929696	-79.955760	99.3 mi	1 hour 44 mins	100.025004196	112.785607282	103.825	126.766666667
57520	35.345609	-81.323461	35.160611	-77.699495	274 mi	4 hours 26 mins	282.583284607	274.610557775	256.094	289.55
57521	34.837721	-78.116601	36.041945	-80.629196	212 mi	3 hours 11 mins	211.231104205	194.672421858	216.363	214.633333333
57522	35.666290	-81.326165	35.680407	-82.106953	51.6 mi	53 mins	51.6689511624	54.6564980586	51.692	57.9666666667
57523	35.956146	-79.610966	36.110583	-81.132544	96.2 mi	1 hour 34 mins	99.5283550016	95.2206533954	99.871	105.233333333
57524	36.087093	-76.442856	35.213321	-82.150081	396 mi	6 hours 1 min	406.351279236	379.662458736	402.4621	398.583333333
57525	35.127496	-80.479737	36.446116	-79.066431	156 mi	2 hours 41 mins	165.093401036	166.437310958	165.974	184.5
57526	35.230814	-81.816928	35.964503	-80.610076	112 mi	2 hours 1 min	120.535309937	126.490564105	105.74	134.166666667
57527	35.957713	-79.636533	35.958561	-81.517958	122 mi	2 hours 3 mins	123.425835972	127.332157468	136.301	146.233333333
57528	36.181606	-79.869700	35.499309	-81.418588	110 mi	1 hour 58 mins	119.051853454	122.509112694	123.055	137.883333333
57529	34.777023	-78.859997	35.943633	-79.120835	120 mi	1 hour 53 mins	117.467735793	116.679244347	98.301	129.316666667
57530	35.883293	-77.905875	36.110583	-81.132544	211 mi	3 hours 13 mins	210.593486551	197.87571046	207.748	216.75
57531	36.491314	-79.425998	35.881309	-82.570404	241 mi	3 hours 51 mins	240.926219807	238.935892581	241.999	254.483333333
57532	35.078451	-77.446726	34.818099	-77.548041	23.7 mi	33 mins	25.70187684	33.3440865472	34.798	52.2666666667
57533	36.159133	-80.216638	35.236899	-81.673608	132 mi	2 hours 12 mins	132.149430407	137.295146741	132.098	138.45
57534	35.953546	-80.109414	35.401441	-78.826138	99.8 mi	1 hour 38 mins	99.8026148366	101.173648014	97.336	108.566666667
57535	34.691672	-76.534959	36.515111	-79.784423	264 mi	4 hours 37 mins	276.708200706	288.307912947	262.3751	312.55
57536	35.540406	-79.555032	36.244771	-76.588256	215 mi	3 hours 26 mins	214.91262142	209.846336446	218.041	237.416666667
57537	36.362225	-79.778662	35.179165	-82.790420	214 mi	3 hours 41 mins	216.831812893	224.090944722	211.436	230.833333333
57538	35.617858	-82.288491	35.316601	-83.061486	78.7 mi	1 hour 33 mins	78.6502455688	92.8925717555	78.756	100.883333333
57539	36.379994	-81.492897	36.522113	-76.967671	300 mi	5 hours 1 min	313.472973042	305.961535946	318.969	331.0
57540	35.711258	-81.413125	35.660158	-81.136291	20.9 mi	25 mins	20.6285106408	25.4348236453	22.185	30.6
57541	36.335722	-77.712561	35.222915	-82.236072	313 mi	4 hours 55 mins	341.007816098	317.205530691	324	328.5
57542	35.879670	-78.475025	36.016862	-82.171322	253 mi	4 hours 1 min	252.684218068	249.679581593	249.728	256.966666667
57543	36.191005	-79.862844	34.910957	-79.752665	96.1 mi	1 hour 40 mins	100.453039084	100.626014177	96.26	104.166666667
57544	34.685171	-78.693008	34.865539	-79.429532	55.6 mi	1 hour 9 mins	60.8472345994	71.380985169	62.267	87.4666666667
57545	34.302644	-78.968036	35.233626	-82.236120	259 mi	3 hours 49 mins	256.986138738	237.735843254	257.709	252.816666667
57546	35.033657	-79.147929	35.214940	-82.741421	251 mi	4 hours 25 mins	306.954179895	308.867258402	245.737	278.25
57547	34.713605	-76.643555	35.480845	-77.780624	98.9 mi	1 hour 49 mins	98.8980847913	116.13083212	98.007	124.716666667
57548	36.021227	-78.420753	34.874470	-80.290746	157 mi	3 hours 0 mins	159.089947594	183.82475787	162.077	211.566666667
57549	35.631178	-81.031070	35.336967	-78.087934	224 mi	3 hours 31 mins	227.53176838	221.669798371	228.251	247.45
57550	35.853343	-79.792012	34.992839	-80.356247	82.0 mi	1 hour 39 mins	105.270927971	108.647060314	84.361	112.916666667
57551	34.963304	-79.017170	36.225656	-80.839664	169 mi	2 hours 54 mins	172.268853182	180.867589005	168.493	194.083333333
57552	36.057810	-78.795760	35.041764	-83.614797	322 mi	5 hours 0 mins	318.961387075	303.461613119	322.885	323.75
57553	35.878960	-80.126531	35.930711	-82.486684	161 mi	2 hours 54 mins	190.159562109	185.940603913	177.892	187.783333333
57554	35.968997	-78.798565	35.567360	-78.408557	48.6 mi	51 mins	48.5392162688	51.5610037693	50.558	59.6333333333
57555	35.836487	-79.628499	36.055435	-79.399875	22.5 mi	32 mins	23.5608845681	32.3978374546	26.283	42.8833333333
57556	35.781554	-81.359755	36.080535	-76.424442	330 mi	4 hours 57 mins	330.05238466	313.211638213	318.716	338.166666667
57557	35.834295	-82.779592	35.454148	-80.971025	138 mi	2 hours 25 mins	138.552904932	148.808290406	138.833	156.983333333
57558	34.122485	-77.884110	35.904668	-80.096094	234 mi	3 hours 30 mins	232.448370003	215.873247861	232.997	231.066666667
57559	34.321580	-78.093952	35.703273	-80.375424	200 mi	3 hours 26 mins	230.652062538	220.031762654	214.319	237.883333333
57560	35.646416	-82.035583	35.042070	-83.728922	133 mi	2 hours 13 mins	129.022090138	133.56551683	129.156	139.25
57561	34.608259	-78.582056	35.422864	-83.761298	393 mi	5 hours 58 mins	393.592886993	370.535691355	393.83	393.4
57562	35.792627	-76.896373	36.063404	-81.874472	319 mi	4 hours 58 mins	319.004760759	307.502385225	316.396	320.916666667
57563	36.083780	-80.102999	35.281729	-81.819783	136 mi	2 hours 17 mins	143.211908778	144.313157896	139.959	148.883333333
57564	35.436048	-77.009015	35.927713	-82.734058	397 mi	6 hours 5 mins	401.24154856	380.014360822	395.1301	404.6
57565	36.443081	-76.609087	35.145776	-76.819503	121 mi	2 hours 11 mins	120.796984264	131.225588207	124.495	156.716666667
57566	35.355140	-77.537416	36.392948	-76.739558	101 mi	1 hour 53 mins	122.757861691	137.420751524	103.798	131.916666667
57567	34.756047	-76.717345	35.636756	-81.242416	320 mi	5 hours 9 mins	319.522896522	318.965836744	323.1281	344.766666667
57568	35.013094	-76.777171	36.317137	-80.438257	262 mi	4 hours 12 mins	262.221783153	260.159304508	262.827	276.95
57569	34.164949	-78.741693	36.266915	-80.328235	212 mi	3 hours 17 mins	217.515713383	215.516995203	207.528	220.933333333
57570	34.770947	-78.092407	35.163917	-83.393798	407 mi	6 hours 11 mins	411.072797391	386.701169337	404.364	407.716666667
57571	34.830041	-79.122985	34.834708	-78.371177	61.4 mi	1 hour 13 mins	58.4772638545	72.2389962868	58.456	87.95
57572	35.867889	-76.323091	35.415242	-83.448603	458 mi	7 hours 0 mins	462.63954325	433.270374668	456.636	454.233333333
57573	35.020340	-80.704887	35.047392	-80.319652	25.7 mi	38 mins	25.8079905288	36.5960005162	26.967	48.0333333333
57574	36.362481	-76.291746	36.001562	-82.141905	412 mi	6 hours 22 mins	418.959227434	397.576709393	409.281	413.35
57575	35.487233	-80.778284	35.352271	-79.576639	78.1 mi	1 hour 47 mins	105.313468266	113.836706687	84.681	126.5
57576	35.651000	-79.814855	36.031288	-79.380366	54.2 mi	52 mins	54.1785801259	52.83465387	54.318	59.5333333333
57577	36.014640	-76.899967	35.812553	-79.505131	174 mi	2 hours 45 mins	189.221688439	182.849376468	174.217	181.133333333
57578	35.006840	-80.798358	35.188709	-82.007759	90.4 mi	1 hour 36 mins	90.326080959	99.9413587349	90.496	106.066666667
57579	36.041336	-78.881753	35.246598	-78.548651	73.0 mi	1 hour 13 mins	72.5134818136	72.8627730367	73.095	77.6333333333
57580	35.316248	-81.021429	36.535538	-77.229535	264 mi	4 hours 28 mins	291.403103563	281.754870693	269.371	299.633333333
57581	35.203775	-83.838398	35.071168	-80.231025	257 mi	4 hours 25 mins	272.532359588	276.604987617	257.058	283.866666667
57582	35.998767	-81.108419	35.030332	-83.737266	205 mi	3 hours 29 mins	204.858138322	218.518600929	205.156	229.433333333
57583	36.389825	-76.936737	35.206655	-80.342784	249 mi	4 hours 8 mins	297.708306481	289.031024675	254.407	276.733333333
57584	35.862798	-77.883223	36.008591	-75.701761	157 mi	2 hours 36 mins	175.682771157	182.141941711	154.557	172.166666667
57585	35.892737	-79.662241	34.915784	-80.524599	98.5 mi	1 hour 56 mins	123.953266321	125.863360609	126.418	133.15
57586	35.982922	-80.248327	35.473385	-78.161875	152 mi	2 hours 18 mins	152.039614575	142.581205642	152.403	151.0
57587	34.974061	-79.723248	35.306900	-81.908074	147 mi	2 hours 39 mins	147.490463599	165.4213245	143.716	166.933333333
57588	35.333973	-82.492156	35.328376	-82.386658	7.2 mi	14 mins	7.18468527479	17.3665394062	7.183	20.3
57589	36.184343	-79.506565	35.812646	-77.267627	156 mi	2 hours 26 mins	156.157826876	151.755526235	144.789	160.666666667
57590	35.554510	-83.021956	36.163263	-75.743758	490 mi	7 hours 33 mins	509.945422695	495.88860649	479.0551	490.2
57591	35.767347	-78.013259	35.244230	-83.277433	346 mi	5 hours 17 mins	345.964884188	324.168508025	343.073	341.916666667
57592	35.220260	-78.858805	35.726582	-76.127589	212 mi	3 hours 20 mins	211.62015158	204.011678605	211.872	226.466666667
57593	36.134788	-81.849784	36.293101	-80.311720	114 mi	2 hours 7 mins	114.643899659	131.231355652	114.106	130.416666667
57594	36.164874	-80.216231	34.164293	-77.886384	238 mi	3 hours 36 mins	239.937725913	222.77280746	240.816	237.65
57595	35.861306	-78.553132	35.271387	-81.736685	226 mi	3 hours 27 mins	224.738634162	215.197077284	221.885	225.6
57596	35.635928	-82.638276	34.737824	-76.557828	413 mi	6 hours 34 mins	417.449004987	406.634883458	414.419	438.716666667
57597	35.998804	-79.341845	36.452565	-76.666140	178 mi	3 hours 9 mins	201.22477966	204.892166186	181.196	216.433333333
57598	34.972885	-79.242224	35.034027	-76.712432	170 mi	3 hours 7 mins	182.668724309	197.660135138	180.42	210.533333333
57599	35.295638	-80.797986	35.812187	-82.622430	145 mi	2 hours 25 mins	152.119369606	150.562187815	147.41	156.683333333
57600	35.248247	-81.353752	35.366129	-78.493083	231 mi	3 hours 26 mins	227.706719017	208.19275856	188.745	230.2
57601	35.760452	-82.553064	35.375605	-82.496445	31.7 mi	32 mins	31.6703020766	33.1027329132	31.796	35.2
57602	35.590525	-78.550435	35.567752	-77.310347	83.7 mi	1 hour 29 mins	83.829858581	92.8143679309	84.853	101.133333333
57603	35.912408	-82.492737	35.866038	-82.720191	25.7 mi	36 mins	25.6446281748	35.8416271278	25.743	42.3333333333
57604	36.265611	-79.011354	35.903302	-82.122186	214 mi	3 hours 27 mins	213.541045485	213.727451925	214.023	227.983333333
57605	35.201134	-82.020552	35.920501	-76.360572	387 mi	5 hours 56 mins	387.913255016	375.074189001	378.825	398.333333333
57606	36.399353	-79.001946	34.849411	-79.657567	138 mi	2 hours 32 mins	153.986187586	156.604409462	157.18	171.85
57607	35.495741	-76.799565	35.226937	-79.729695	205 mi	3 hours 22 mins	212.689139499	212.610247697	213.054	229.583333333
57608	35.641945	-78.307983	35.257894	-79.977916	120 mi	2 hours 8 mins	120.028156295	132.819672328	120.243	144.0
57609	36.154825	-77.409811	35.218569	-79.869755	180 mi	3 hours 2 mins	189.642299371	191.429842953	192.481	210.116666667
57610	35.938889	-78.138021	36.355875	-76.985255	91.0 mi	1 hour 31 mins	91.5335540729	99.8822977769	94.984	101.35
57611	35.252408	-83.273460	35.827486	-82.562904	78.0 mi	1 hour 23 mins	77.8254285836	84.1796253125	78.104	90.7666666667
57612	34.004776	-78.538513	35.122640	-83.373414	363 mi	5 hours 53 mins	380.603676058	374.39827425	361.203	392.25
57613	34.990137	-80.073573	36.514730	-77.448566	214 mi	3 hours 27 mins	215.957500603	216.086275878	224.666	240.033333333
57614	36.368017	-81.678271	35.250457	-78.379622	246 mi	3 hours 53 mins	245.822436288	244.546299936	246.24	265.033333333
57615	34.510955	-78.824604	36.227319	-76.241320	242 mi	3 hours 45 mins	242.347529684	233.82965081	244.059	258.716666667
57616	36.443783	-76.795721	35.406559	-76.326458	103 mi	1 hour 57 mins	102.339027031	115.088689531	110.147	145.366666667
57617	35.564871	-82.670305	35.431252	-82.602626	15.3 mi	24 mins	15.2786051425	22.9019699725	15.33	31.9666666667
57618	35.817683	-79.812083	35.377731	-79.048839	67.7 mi	1 hour 12 mins	70.8039542725	80.1385034445	71.574	92.8166666667
57619	35.035366	-80.190275	35.375695	-77.387989	195 mi	3 hours 32 mins	224.330038251	228.549592756	203.34	235.216666667
57620	36.539968	-76.717597	34.992411	-83.958231	480 mi	7 hours 57 mins	499.680164926	491.267986427	503.681	522.766666667
57621	35.906470	-77.543356	36.061545	-79.261447	119 mi	1 hour 47 mins	119.044591611	109.403508565	117.495	117.3
57622	35.816711	-81.379480	36.383615	-76.312528	352 mi	5 hours 19 mins	361.371961784	355.126492772	340.7411	359.65
57623	35.827313	-78.019883	35.883361	-77.887193	12.0 mi	19 mins	12.6970278433	20.3010758881	12.661	27.9
57624	35.262936	-79.585510	35.897723	-76.324197	219 mi	3 hours 24 mins	220.389272327	210.378680756	222.248	231.866666667
57625	36.229537	-76.695266	35.072950	-77.023588	107 mi	1 hour 55 mins	106.641307506	120.270064386	107.036	133.55
57626	35.692463	-81.810363	35.969533	-79.261103	157 mi	2 hours 21 mins	157.109572423	146.298922388	157.124	153.45
57627	35.496431	-76.975838	35.312936	-81.374996	312 mi	4 hours 45 mins	310.497411956	294.356839738	307.806	311.25
57628	36.444825	-80.411691	35.975264	-80.431312	43.9 mi	53 mins	43.7848649111	55.1461151301	46.186	61.7333333333
57629	36.524713	-81.178973	35.515220	-79.229437	156 mi	2 hours 36 mins	153.814148117	158.317249829	154.271	170.516666667
57630	35.036340	-83.115694	35.548379	-76.439706	456 mi	7 hours 35 mins	480.011996018	481.120308047	458.526	497.516666667
57631	35.437012	-79.218862	35.215148	-82.737083	257 mi	4 hours 8 mins	261.990382093	251.692124781	256.064	260.15
57632	36.516692	-78.409615	35.487939	-79.502979	112 mi	2 hours 7 mins	121.446019065	137.266870765	113.913	146.4
57633	34.256851	-78.903530	36.113664	-77.729866	174 mi	2 hours 44 mins	174.171559182	165.457186736	176.932	188.733333333
57634	34.988759	-78.307199	35.411538	-81.602014	236 mi	4 hours 20 mins	250.195431233	268.715196767	227.231	273.05
57635	35.813169	-81.310248	35.070956	-83.062368	143 mi	2 hours 49 mins	160.233900947	176.813240394	142.491	171.566666667
57636	35.409565	-77.830915	35.526501	-80.714986	208 mi	3 hours 15 mins	207.316468897	207.316747942	207.154	219.816666667
57637	35.914407	-80.541042	35.459253	-76.095075	304 mi	4 hours 52 mins	309.789064833	298.62092478	303.86	335.266666667
57638	35.311799	-82.696704	35.914407	-80.541042	149 mi	2 hours 32 mins	152.244412307	152.085624449	148.068	153.8
57639	36.223027	-81.919960	34.221990	-78.796608	291 mi	4 hours 52 mins	298.038904141	305.475223197	287.618	311.266666667
57640	36.252273	-77.910136	35.431688	-83.709220	374 mi	6 hours 1 min	389.03252839	376.774539597	385.438	402.233333333
57641	36.337542	-76.175802	35.241112	-77.598886	128 mi	2 hours 23 mins	135.401404396	151.080875147	135.747	153.35
57642	35.215326	-83.369654	35.208196	-82.860004	54.8 mi	1 hour 32 mins	66.7138794354	96.1526560587	57.291	103.733333333
57643	34.841574	-79.945356	35.435786	-79.154431	74.6 mi	1 hour 30 mins	75.6946378158	93.2966327458	79.711	111.733333333
57644	33.926857	-78.291352	36.114499	-78.741807	192 mi	3 hours 0 mins	203.283163758	190.596193892	195.143	207.466666667
57645	34.999710	-79.167828	35.160211	-76.844025	152 mi	2 hours 45 mins	165.000331882	174.279488345	162.938	184.083333333
57646	35.684911	-82.738475	35.850917	-79.570351	206 mi	3 hours 11 mins	206.068989222	198.00223383	208.729	210.183333333
57647	36.025076	-80.224147	35.113745	-75.967551	381 mi	7 hours 6 mins	375.47537321	406.432771189	364.8981	432.883333333
57648	34.678258	-78.051077	35.099488	-78.610246	55.6 mi	1 hour 3 mins	64.1455942755	77.4621500586	64.485	93.2666666667
57649	36.514456	-79.786506	36.129709	-81.105013	101 mi	1 hour 46 mins	96.1564971343	103.326328411	96.562	108.05
57650	35.311862	-83.156584	36.056437	-79.176107	261 mi	4 hours 3 mins	259.776113976	248.788047898	260.185	259.8
57651	35.997770	-76.707073	34.939111	-78.991260	184 mi	2 hours 48 mins	185.165760545	177.938675346	185.339	194.166666667
57652	35.765028	-81.725213	36.557928	-81.235268	88.7 mi	2 hours 2 mins	95.3466383489	125.921875346	95.805	128.566666667
57653	36.122201	-76.744329	36.416091	-78.152686	100 mi	2 hours 2 mins	103.502616253	130.459439301	122.997	148.583333333
57654	35.100985	-80.120355	35.325735	-79.266318	65.3 mi	1 hour 17 mins	65.2131952306	79.838630712	65.353	89.75
57655	35.871350	-77.807216	36.402411	-80.263976	185 mi	3 hours 4 mins	184.456799259	190.025404037	182.683	201.816666667
57656	35.309537	-77.313936	36.376102	-76.150999	120 mi	2 hours 9 mins	122.242315902	133.26219053	122.656	151.016666667
57657	35.912226	-80.464234	35.194383	-82.783423	163 mi	2 hours 46 mins	168.797369866	173.040118121	163.183	183.216666667
57658	35.188683	-81.147654	35.023626	-77.470156	286 mi	4 hours 32 mins	288.527968458	282.510814699	249.442	305.216666667
57659	35.633510	-80.112975	35.479380	-81.528858	110 mi	1 hour 58 mins	124.251874968	131.741898515	110.527	129.033333333
57660	36.189102	-79.857911	36.334788	-78.011695	127 mi	2 hours 15 mins	127.465162797	134.669448878	130.345	146.5
57661	35.081148	-80.660869	35.725262	-78.131025	185 mi	3 hours 12 mins	214.950240506	198.294683325	190.761	215.15
57662	34.938433	-79.967941	36.437205	-76.725093	250 mi	4 hours 5 mins	299.035924966	284.360645559	264.539	282.55
57663	35.436762	-76.786303	35.433293	-79.163940	172 mi	2 hours 43 mins	172.421659145	169.085155233	171.342	184.416666667
57664	35.694169	-82.518377	36.240564	-75.874009	453 mi	6 hours 55 mins	467.798315749	448.239330859	441.977	454.333333333
57665	35.851677	-82.789062	35.974381	-79.104910	247 mi	3 hours 58 mins	247.496324132	242.7846387	248.349	259.15
57666	35.215306	-80.458443	36.199864	-76.270828	289 mi	4 hours 41 mins	330.75630787	315.928240228	291.48	323.3
57667	35.755078	-78.891591	34.937045	-80.524452	134 mi	2 hours 23 mins	140.611953004	158.315896189	144.282	172.233333333
57668	35.486704	-80.727567	35.442749	-83.416804	185 mi	3 hours 10 mins	202.642840837	201.026704288	189.811	202.366666667
57669	35.821394	-79.825654	36.494825	-80.317080	70.0 mi	1 hour 18 mins	69.4272839857	83.6428747715	66.98	86.2166666667
57670	35.116813	-75.975808	35.624939	-78.015127	238 mi	5 hours 16 mins	249.701075005	298.202140224	246.543	313.033333333
57671	34.804035	-79.543943	35.975385	-76.130942	253 mi	4 hours 2 mins	269.167808582	251.52147495	249.421	264.166666667
57672	34.294691	-78.724914	35.490076	-81.476701	210 mi	3 hours 39 mins	212.351652545	229.407469089	205.511	235.716666667
57673	36.401288	-79.339744	35.835611	-76.720047	194 mi	3 hours 3 mins	190.951595061	189.192349587	179.035	204.5
57674	35.953461	-79.509380	36.511786	-80.975651	112 mi	2 hours 1 min	114.076519047	124.102347659	112.863	139.216666667
57675	34.994992	-84.108018	36.131816	-79.081580	331 mi	5 hours 17 mins	331.20085394	326.935052913	331.9261	341.25
57676	36.515515	-77.267292	35.262031	-78.272756	126 mi	2 hours 4 mins	125.55172603	128.712561098	125.79	142.25
57677	35.583018	-75.463015	34.290702	-77.825037	240 mi	4 hours 20 mins	257.424241056	280.525677432	241.863	281.116666667
57678	35.496604	-77.669203	35.588361	-79.078963	109 mi	1 hour 44 mins	105.747180688	102.593566075	106.319	116.3
57679	36.329252	-78.631698	35.020831	-76.772479	168 mi	3 hours 6 mins	194.031652334	199.863472392	182.859	216.816666667
57680	35.020308	-84.010452	35.658543	-79.714421	292 mi	4 hours 52 mins	312.10434556	310.406472415	290.781	323.883333333
57681	35.819818	-79.030328	36.208830	-81.456927	156 mi	2 hours 25 mins	155.634486169	153.306671034	155.983	166.416666667
57682	35.594293	-80.497471	34.866093	-78.311864	205 mi	3 hours 6 mins	205.106254679	193.280355488	172.19	209.05
57683	35.742881	-77.607115	36.370187	-77.240671	56.3 mi	1 hour 7 mins	55.9138879621	67.94608625	56.382	76.0333333333
57684	34.904329	-78.104385	36.471554	-77.591957	125 mi	1 hour 58 mins	124.909873784	120.365408186	121.237	133.833333333
57685	34.736027	-77.149336	36.377887	-80.792449	299 mi	4 hours 41 mins	295.525364874	287.732942665	296.253	303.383333333
57686	35.164459	-83.436597	35.286777	-82.068228	114 mi	1 hour 52 mins	113.204886403	112.862763205	111.143	116.0
57687	34.992766	-79.023471	35.622605	-78.377054	74.0 mi	1 hour 16 mins	74.6351402568	79.4086252697	70.785	88.1666666667
57688	36.112503	-78.744022	35.912534	-82.317982	236 mi	3 hours 47 mins	235.868658201	232.38866746	236.226	243.9
57689	35.188342	-83.649455	35.953535	-77.932553	384 mi	6 hours 6 mins	387.896786095	377.753267042	371.568	405.783333333
57690	35.473459	-80.697390	36.313622	-81.525057	102 mi	1 hour 49 mins	112.503710824	118.343098875	102.34	119.7
57691	35.007347	-80.791627	35.367164	-79.884275	69.6 mi	1 hour 20 mins	70.6998041256	82.8470806714	69.723	85.3166666667
57692	36.488448	-76.188261	36.496523	-77.940521	116 mi	2 hours 23 mins	140.641453712	151.490422787	145.187	174.883333333
57693	35.085271	-77.148873	35.404748	-81.546079	315 mi	5 hours 2 mins	324.175589179	316.153776324	317.442	336.416666667
57694	34.969558	-76.929440	35.907176	-75.597613	151 mi	2 hours 35 mins	158.387560222	166.964951717	151.21	173.0
57695	36.166224	-79.809146	36.319398	-76.733386	206 mi	3 hours 44 mins	235.200694843	229.872802966	213.872	253.116666667
57696	35.927854	-82.036602	36.519039	-77.815015	292 mi	4 hours 44 mins	302.404421727	293.852507649	293.614	320.133333333
57697	35.695408	-82.596891	36.496286	-78.010420	298 mi	4 hours 37 mins	302.06691771	286.162304154	298.491	305.316666667
57698	36.414229	-80.965027	34.762406	-79.600526	175 mi	2 hours 48 mins	185.985212406	182.004454257	175.784	189.5
57699	36.225695	-81.718989	36.163451	-81.898110	18.3 mi	28 mins	18.2746658131	27.755284503	18.342	27.55
57700	34.935007	-79.971083	35.227369	-80.132388	28.0 mi	40 mins	27.9439263912	37.9221163211	27.984	42.5833333333
57701	35.759002	-79.299004	35.731511	-76.642157	175 mi	2 hours 47 mins	174.820102549	169.219209975	179.219	195.816666667
57702	35.685882	-82.105344	36.069911	-79.151291	187 mi	2 hours 51 mins	186.933721749	174.127721737	187.048	181.966666667
57703	35.641683	-79.796096	35.413562	-80.183916	39.2 mi	49 mins	39.0980708515	49.4514873259	39.469	55.6166666667
57704	36.178331	-76.880452	35.163917	-83.393798	448 mi	6 hours 52 mins	452.638160908	428.948988437	446.0341	449.65
57705	35.000551	-83.890233	35.964356	-77.342676	442 mi	6 hours 50 mins	445.834648122	426.288544258	436.461	452.483333333
57706	35.374950	-80.730797	36.257227	-77.625614	221 mi	3 hours 33 mins	232.283789357	217.706099648	221.182	238.033333333
57707	35.852360	-77.433919	36.264157	-81.783447	278 mi	4 hours 17 mins	276.278717064	268.127072044	273.5421	281.766666667
57708	34.721309	-79.536121	35.436431	-79.551900	58.3 mi	1 hour 11 mins	60.2897435205	78.7765330206	60.435	86.8333333333
57709	35.167657	-80.344494	35.790931	-81.361514	106 mi	1 hour 47 mins	104.838611585	109.59022102	100.456	117.966666667
57710	36.006542	-78.922221	35.286421	-82.078950	214 mi	3 hours 16 mins	221.50879748	210.282806705	213.501	210.366666667
57711	34.556558	-77.992949	35.576881	-77.520884	92.8 mi	1 hour 45 mins	98.0072879146	115.365650423	102.448	128.466666667
57712	34.258068	-78.070682	36.180103	-76.530629	202 mi	3 hours 32 mins	212.883713522	228.226819908	204.735	238.016666667
57713	36.337265	-80.370497	35.436265	-83.784288	252 mi	4 hours 7 mins	252.545033033	254.753551434	251.81	271.516666667
57714	36.139573	-78.727433	34.814113	-77.465471	143 mi	2 hours 25 mins	140.827723174	152.659864795	147.287	168.666666667
57715	35.247058	-77.785696	34.782724	-77.365812	52.2 mi	1 hour 7 mins	57.8704945961	71.9954693343	57.465	82.65
57716	36.113585	-76.929986	35.712376	-81.950236	336 mi	5 hours 4 mins	340.366615507	315.149821845	333.408	333.166666667
57717	35.035558	-83.831764	36.083156	-76.382308	502 mi	7 hours 44 mins	506.27407044	488.088181376	491.182	519.283333333
57718	35.861005	-81.627562	36.531676	-77.861757	247 mi	4 hours 4 mins	258.698566756	251.181404782	248.719	283.8
57719	35.447974	-77.263620	35.380445	-82.028214	322 mi	5 hours 3 mins	326.114352681	312.884562778	318.856	335.766666667
57720	36.166294	-75.862084	35.189502	-82.787882	476 mi	7 hours 31 mins	498.337295067	483.340034542	473.525	478.45
57721	36.562670	-81.062877	34.457106	-77.592291	305 mi	4 hours 48 mins	305.155196946	293.509954226	312.561	322.216666667
57722	36.073272	-79.331512	35.786427	-77.858218	108 mi	1 hour 41 mins	108.204690837	103.404466332	106.987	118.033333333
57723	34.124643	-77.887612	35.698010	-81.981964	306 mi	5 hours 3 mins	351.293549159	324.271318108	301.385	327.6
57724	35.848480	-77.490808	36.302412	-78.634518	89.1 mi	1 hour 39 mins	113.652022393	113.241806992	94.237	116.133333333
57725	36.087642	-82.191984	34.686155	-79.519766	238 mi	4 hours 20 mins	238.630867057	264.556163045	233.729	270.766666667
57726	35.956687	-77.571227	36.306991	-80.181155	182 mi	2 hours 58 mins	183.407917696	184.194817221	186.785	202.1
57727	35.551501	-81.098847	35.790108	-80.947413	28.8 mi	38 mins	34.0501404673	40.1118743315	34.922	41.5333333333
57728	34.771198	-78.570910	36.280218	-76.254504	219 mi	3 hours 33 mins	221.791633449	220.599313494	222.26	245.7
57729	35.836171	-77.380194	34.898886	-80.368821	222 mi	3 hours 36 mins	218.799422341	225.11394377	225.305	251.116666667
57730	33.921948	-78.468862	35.232055	-77.736497	128 mi	2 hours 6 mins	145.330253995	150.094018401	128.995	156.333333333
57731	35.110621	-80.154465	36.510930	-77.190256	234 mi	3 hours 56 mins	274.233210125	261.510649418	236.251	274.616666667
57732	34.457444	-78.549796	35.301899	-77.775265	96.6 mi	1 hour 52 mins	103.674618495	120.752694132	98.047	142.116666667
57733	35.526997	-82.948569	34.636901	-79.290218	255 mi	4 hours 14 mins	295.176757716	270.650691781	250.873	268.1
57734	35.721181	-79.718315	36.531814	-81.503687	148 mi	2 hours 35 mins	151.021457538	162.654743313	149.384	166.633333333
57735	34.267573	-77.838257	36.084093	-76.435881	185 mi	3 hours 16 mins	190.979936361	213.344583157	183.333	220.433333333
57736	36.090115	-78.955885	36.040812	-75.677359	233 mi	3 hours 43 mins	251.158728546	249.602435409	221.843	246.05
57737	36.417265	-79.641504	35.108144	-76.619759	236 mi	4 hours 4 mins	248.384878963	255.119551601	234.347	285.633333333
57738	36.207121	-78.446748	34.618968	-77.988852	131 mi	2 hours 6 mins	131.100119237	131.208491921	131.101	143.116666667
57739	35.254934	-80.650012	35.092156	-84.040859	243 mi	4 hours 0 mins	256.766876725	255.724015228	245.965	265.033333333
57740	35.395368	-77.970216	35.280911	-79.417375	113 mi	1 hour 49 mins	113.13018961	112.977688789	113.351	120.766666667
57741	36.562988	-81.124049	35.425730	-77.749499	250 mi	4 hours 9 mins	256.228520225	252.681108024	252.273	270.9
57742	36.264318	-79.487866	35.970052	-76.265632	231 mi	3 hours 45 mins	231.308841744	234.812953835	220.56	249.016666667
57743	36.446602	-77.431812	35.434919	-83.455074	385 mi	6 hours 5 mins	414.902815557	385.538769124	408.214	404.066666667
57744	35.790201	-78.122057	36.237945	-77.116454	87.0 mi	1 hour 25 mins	90.0772367631	88.0353026837	91.039	95.55
57745	36.081626	-78.585606	36.048670	-80.626093	126 mi	2 hours 3 mins	128.612796089	131.326028159	133.553	143.75
57746	35.368943	-79.009993	35.310206	-82.418219	222 mi	3 hours 54 mins	266.423202114	257.98783843	219.056	259.083333333
57747	35.539644	-81.429606	36.183720	-81.610334	61.1 mi	1 hour 23 mins	59.843581781	82.8125375522	65.399	91.4
57748	34.980787	-78.896198	34.988823	-83.938483	375 mi	6 hours 7 mins	396.170585868	383.268119579	370.776	389.633333333
57749	35.654211	-81.177258	35.045091	-79.143026	156 mi	2 hours 59 mins	160.187849389	189.416638991	159.691	189.866666667
57750	35.717932	-79.713095	34.521009	-79.171145	118 mi	1 hour 56 mins	123.794593611	121.668659299	120.569	133.9
57751	36.015387	-79.041515	35.375766	-81.693125	181 mi	2 hours 59 mins	191.504959368	189.835548356	190.376	204.416666667
57752	35.500933	-78.801951	36.153090	-81.863311	214 mi	3 hours 37 mins	217.093929122	227.131208789	214.834	236.883333333
57753	34.094145	-77.885101	35.186182	-80.265673	179 mi	2 hours 58 mins	178.078690464	185.209625383	178.505	206.616666667
57754	36.543909	-81.304523	35.865434	-81.546249	67.6 mi	1 hour 36 mins	73.8617443075	103.551166229	76.755	101.933333333
57755	36.488550	-78.119048	35.930711	-82.486684	296 mi	4 hours 51 mins	315.663954884	298.754761686	312.91	314.35
57756	35.019293	-79.094197	35.026230	-79.152850	4.7 mi	8 mins	5.51517668466	7.92780194955	5.188	11.45
57757	34.103644	-77.882014	34.987951	-79.049681	102 mi	1 hour 59 mins	108.403996993	124.957972119	111.882	141.966666667
57758	35.269083	-78.947474	35.814863	-80.983552	157 mi	2 hours 33 mins	168.165821193	167.68375937	156.621	173.933333333
57759	36.288965	-75.799075	35.771131	-78.058051	191 mi	3 hours 15 mins	195.847912911	207.401551064	191.256	211.033333333
57760	33.944264	-78.065401	35.811861	-81.310843	263 mi	4 hours 41 mins	283.706817116	297.418015694	279.095	315.55
57761	35.198641	-82.766040	35.456680	-83.387821	68.6 mi	1 hour 41 mins	69.4349370049	99.0269593481	69.53	102.366666667
57762	35.514552	-82.883915	35.228850	-78.349898	314 mi	4 hours 44 mins	314.47635287	291.01483055	315.557	306.616666667
57763	34.488278	-78.350640	36.448904	-77.696427	164 mi	2 hours 41 mins	184.48640737	174.83905428	174.512	192.716666667
57764	35.955189	-81.955212	35.540114	-77.235386	311 mi	5 hours 7 mins	315.498721884	317.82666427	308.282	340.133333333
57765	35.494722	-81.167940	35.337916	-75.504672	414 mi	6 hours 39 mins	414.16438726	408.154562176	395.1861	435.633333333
57766	35.846170	-78.247708	35.217760	-82.247235	278 mi	4 hours 15 mins	289.451063679	269.345139829	274.533	276.7
57767	34.961841	-79.053049	35.934832	-80.601714	131 mi	2 hours 30 mins	155.782900638	162.818792855	150.905	173.4
57768	34.901989	-77.798976	35.554677	-78.232370	63.2 mi	1 hour 17 mins	75.0167712989	76.7896992617	84.38	88.6
57769	35.447007	-83.005294	35.018046	-78.407120	324 mi	5 hours 10 mins	340.622666394	324.491455119	321.061	342.5
57770	35.917493	-82.299630	35.874392	-82.183597	10.0 mi	20 mins	9.99820250641	17.5056412288	10.095	21.8333333333
57771	35.257672	-81.207596	35.034622	-80.646629	46.3 mi	53 mins	46.1168419454	52.4770897543	42.992	51.5333333333
57772	35.651128	-79.816016	36.255132	-79.935542	51.3 mi	55 mins	51.1322887326	55.87486521	46.969	57.9833333333
57773	35.039361	-83.964136	35.835306	-76.733889	482 mi	7 hours 24 mins	484.346908616	458.325116227	470.9139	484.116666667
57774	35.901685	-77.494470	35.723808	-77.122174	30.7 mi	34 mins	30.6750133913	36.1440666909	40.986	49.85
57775	35.720931	-79.474160	34.975218	-80.047807	76.3 mi	1 hour 32 mins	82.874589541	96.3233485303	94.124	107.116666667
57776	36.234038	-75.872338	35.212897	-75.687318	89.6 mi	1 hour 55 mins	89.2872537404	114.856219583	89.665	122.3
57777	34.907281	-79.212135	36.442874	-80.552920	149 mi	2 hours 35 mins	165.982342571	172.319530189	153.23	179.75
57778	35.446634	-79.046739	35.196487	-76.646986	158 mi	2 hours 50 mins	163.002754238	176.657141453	162.017	195.866666667
57779	34.804426	-76.893612	35.537012	-78.426367	112 mi	1 hour 59 mins	111.9840342	127.610372285	114.352	139.55
57780	35.624327	-80.897673	34.848888	-78.287252	236 mi	3 hours 35 mins	235.412644874	226.93559803	198.081	246.966666667
57781	35.260019	-82.371385	35.194043	-82.167941	17.2 mi	22 mins	17.6481107846	23.773763911	17.252	25.25
57782	34.045523	-77.949118	35.279611	-81.863434	280 mi	4 hours 43 mins	279.485210644	293.46640713	276.804	311.416666667
57783	35.854705	-79.520903	35.615523	-78.025172	109 mi	1 hour 50 mins	124.550124446	124.006165328	110.8	128.533333333
57784	36.080346	-79.516539	35.465198	-78.158145	105 mi	1 hour 37 mins	103.616325398	98.8035599948	104.059	104.483333333
57785	35.183157	-81.553422	35.056577	-77.114171	332 mi	5 hours 12 mins	329.46090502	321.364972531	305.366	352.883333333
57786	35.481666	-77.762107	36.485812	-77.014066	102 mi	1 hour 52 mins	121.668185361	127.625682056	104.911	127.616666667
57787	34.760014	-76.727972	35.101357	-76.715019	56.7 mi	1 hour 8 mins	56.578376884	69.5997004683	58.472	80.25
57788	35.432712	-82.611811	35.961236	-80.195734	169 mi	2 hours 41 mins	169.489130676	166.282177881	168.529	176.133333333
57789	34.826519	-78.056459	35.372948	-82.495514	352 mi	5 hours 10 mins	354.677680808	323.084639759	343.363	337.233333333
57790	35.186874	-79.721926	35.920590	-76.244404	237 mi	3 hours 39 mins	243.072048671	234.474191581	238.809	254.366666667
57791	36.053560	-79.276785	36.531682	-77.875005	101 mi	1 hour 46 mins	105.919410964	105.999979016	102.234	125.816666667
57792	35.668833	-81.770312	35.432100	-77.725188	275 mi	4 hours 8 mins	274.502192174	257.459525374	271.228	278.166666667
57793	34.115588	-77.879217	35.635761	-77.363441	123 mi	2 hours 14 mins	179.429716096	170.700037563	129.086	148.083333333
57794	35.668188	-76.613004	35.747757	-81.753228	336 mi	5 hours 6 mins	335.771980794	314.654599929	331.664	335.066666667
57795	36.154441	-79.695212	35.550369	-81.160654	109 mi	1 hour 49 mins	114.972794543	120.584356612	113.352	124.716666667
57796	36.081220	-79.165890	35.317396	-83.785339	297 mi	4 hours 36 mins	296.850750314	283.026446022	296.618	302.283333333
57797	35.242719	-78.876582	36.277134	-79.107078	89.4 mi	1 hour 49 mins	127.106463575	131.120083137	89.82	134.65
57798	35.413969	-78.500063	35.685353	-77.438048	75.4 mi	1 hour 11 mins	75.4784574633	73.2343416742	75.249	80.7333333333
57799	35.421689	-77.930092	36.115607	-80.723496	189 mi	2 hours 53 mins	188.691118591	178.387933267	189.155	188.766666667
57800	36.195080	-80.505358	35.866144	-76.321072	273 mi	4 hours 16 mins	272.911591246	258.726888191	262.905	294.0
57801	35.447712	-77.410819	36.127440	-81.216433	247 mi	3 hours 51 mins	252.844650046	236.389335985	251.066	252.966666667
57802	35.438626	-79.783310	35.442551	-83.439270	250 mi	4 hours 1 min	275.383977309	260.165901177	249.971	261.616666667
57803	35.257417	-76.809935	35.343330	-83.807886	474 mi	7 hours 25 mins	480.772045705	468.676151	471.0661	494.833333333
57804	35.475067	-81.619443	35.955294	-82.322872	70.6 mi	1 hour 41 mins	91.2750885067	113.337468371	74.424	124.333333333
57805	35.724459	-79.798843	35.049505	-76.688614	209 mi	3 hours 37 mins	222.85351343	230.045150223	209.402	246.283333333
57806	36.023936	-81.208130	35.174135	-81.437348	74.9 mi	1 hour 28 mins	83.3028174206	89.6581797497	75.21	92.6166666667
57807	35.798259	-77.137141	36.279133	-80.104906	209 mi	3 hours 13 mins	205.364468739	198.036237228	206.319	216.683333333
57808	35.391952	-80.747695	36.025913	-79.424877	102 mi	1 hour 37 mins	102.317185596	100.363593337	102.508	106.933333333
57809	36.136591	-78.749678	35.901684	-82.019488	222 mi	3 hours 31 mins	222.296687526	215.324116297	222.182	226.7
57810	35.726175	-77.612916	35.831561	-81.299706	246 mi	3 hours 48 mins	247.224638642	234.917848935	245.102	257.483333333
57811	36.244463	-78.303365	35.304784	-83.788869	363 mi	5 hours 40 mins	365.625278079	352.014245851	366.478	371.55
57812	34.981052	-78.990288	36.316355	-76.268771	219 mi	3 hours 22 mins	219.152527885	208.16070633	219.763	227.733333333
57813	36.456776	-76.020764	34.990334	-83.920951	539 mi	8 hours 29 mins	551.397212234	539.016359562	536.126	550.983333333
57814	35.386297	-76.897593	35.667355	-78.376255	107 mi	1 hour 51 mins	121.118578572	124.036037312	107.468	143.833333333
57815	35.366325	-80.254540	36.231431	-81.619132	130 mi	2 hours 23 mins	147.955437922	155.717226358	132.889	155.333333333
57816	35.653141	-78.383483	35.658185	-82.025403	237 mi	3 hours 34 mins	236.716273253	219.138986977	237.105	229.233333333
57817	36.049133	-79.660909	34.349326	-78.700109	176 mi	2 hours 40 mins	175.244185842	165.273868583	171.504	175.983333333
57818	35.562127	-76.865629	36.491010	-79.110145	183 mi	3 hours 6 mins	182.774934059	190.877994321	180.069	207.5
57819	35.763843	-81.293397	35.041627	-77.337459	277 mi	4 hours 24 mins	276.831397473	268.884467722	280.064	288.616666667
57820	35.510433	-78.797180	35.964817	-79.104712	49.7 mi	54 mins	47.9403457511	57.8766570816	49.522	61.3
57821	35.415337	-77.271569	36.226289	-81.838610	299 mi	4 hours 53 mins	299.687699322	299.16784605	297.017	322.9
57822	35.805534	-81.520880	35.754734	-77.479429	274 mi	4 hours 8 mins	275.276897626	255.971853321	262.803	281.133333333
57823	35.949752	-78.531087	36.301153	-78.611867	31.9 mi	41 mins	31.6671708053	41.1922853007	34.854	46.1
57824	35.853206	-77.691228	35.358412	-79.862530	153 mi	2 hours 29 mins	152.891894102	152.564349127	153.12	165.316666667
57825	36.054473	-76.576696	35.076157	-83.433729	465 mi	7 hours 7 mins	468.275645134	444.391601236	461.346	462.733333333
57826	36.175107	-78.496206	35.898833	-79.663309	78.5 mi	1 hour 27 mins	89.0472803947	92.9116510074	91.768	107.083333333
57827	35.500034	-80.737204	34.152884	-77.889869	213 mi	3 hours 44 mins	228.918706255	240.997328922	231.527	259.066666667
57828	35.653985	-81.576383	35.113494	-82.820756	102 mi	2 hours 1 min	107.778734943	122.157610539	105.804	127.016666667
57829	36.255106	-80.647597	35.497213	-79.048854	124 mi	2 hours 4 mins	126.112199631	130.579717189	129.344	146.816666667
57830	34.983913	-78.986052	36.247230	-76.565856	205 mi	3 hours 15 mins	205.787561402	201.138291979	206.502	223.15
57831	36.354849	-76.559633	35.409755	-77.569385	112 mi	2 hours 10 mins	122.617655178	134.308387453	125.998	151.183333333
57832	36.276001	-78.394762	35.322473	-78.001648	87.2 mi	1 hour 27 mins	89.5523004308	92.3480938036	87.216	103.333333333
57833	36.406731	-80.970874	35.916789	-82.327355	113 mi	2 hours 36 mins	154.498655062	166.512370017	118.53	163.0
57834	35.785448	-81.427755	36.345735	-79.994807	106 mi	1 hour 48 mins	106.348591288	111.766061135	111.032	127.1
57835	34.918225	-79.768742	36.268084	-81.872836	198 mi	3 hours 13 mins	205.996138389	208.575459555	198.51	209.216666667
57836	34.910502	-77.770706	36.453093	-81.300330	277 mi	4 hours 27 mins	277.203440867	267.876330366	277.913	293.066666667
57837	35.857142	-78.564526	36.128720	-80.554756	127 mi	1 hour 55 mins	127.14106333	116.93491679	124.39	126.25
57838	34.109482	-78.037507	36.294208	-81.142354	294 mi	4 hours 40 mins	312.977472098	300.995914442	293.963	327.5
57839	34.185249	-78.796804	34.275068	-77.809749	70.4 mi	1 hour 16 mins	70.2292767464	77.7957299565	70.46	82.7833333333
57840	35.845744	-77.805234	35.306557	-83.878026	408 mi	6 hours 24 mins	406.221994653	395.714701383	404.8871	420.066666667
57841	34.862756	-80.120362	36.275689	-79.139879	138 mi	2 hours 30 mins	152.679774082	156.827273794	152.916	176.0
57842	36.190729	-79.869945	35.178569	-77.505009	175 mi	3 hours 0 mins	174.771755177	186.373277287	175.302	192.3
57843	35.422180	-76.891401	35.678847	-81.333065	303 mi	4 hours 35 mins	303.177045246	284.927888797	300.426	316.2
57844	35.103414	-78.152438	36.085063	-78.689167	85.0 mi	1 hour 25 mins	84.5434213821	85.3639123662	84.561	90.9166666667
57845	35.411132	-80.740284	35.253003	-83.439216	196 mi	3 hours 21 mins	211.980700592	219.531206502	194.141	217.15
57846	35.968558	-80.629471	35.923923	-76.630937	262 mi	3 hours 59 mins	261.29811789	244.030125505	250.87	264.116666667
57847	34.657958	-79.063161	35.489342	-80.527676	128 mi	2 hours 18 mins	148.108548318	166.267830882	129.591	168.85
57848	36.052342	-79.661710	34.473327	-77.578784	198 mi	3 hours 1 min	204.671768156	185.594324659	212.021	204.466666667
57849	36.304410	-79.427374	35.319394	-77.917967	130 mi	2 hours 15 mins	134.398474669	139.230868349	130.243	157.95
57850	36.186906	-79.078790	35.871263	-77.958891	89.7 mi	1 hour 37 mins	94.2831480447	103.717321548	86.243	121.566666667
57851	35.029670	-79.143042	35.020882	-78.504226	39.7 mi	52 mins	44.175358486	58.7947613526	43.649	57.7666666667
57852	35.865788	-82.540428	35.398972	-79.159946	254 mi	4 hours 0 mins	256.154834784	246.838766055	255.097	263.5
57853	35.810059	-81.271077	36.347866	-78.393594	190 mi	2 hours 57 mins	196.610219194	186.829510347	200.098	202.966666667
57854	34.660420	-77.201043	34.347020	-77.700313	54.8 mi	1 hour 5 mins	53.6010481423	64.0377463862	54.855	77.9333333333
57855	35.559133	-78.544434	34.964836	-79.938346	108 mi	2 hours 8 mins	141.421378555	135.594642031	122.732	140.75
57856	35.254216	-77.690854	35.481215	-76.503010	97.9 mi	1 hour 59 mins	106.595215501	132.661066469	105.874	140.7
57857	34.870471	-77.763556	36.202151	-76.328500	148 mi	2 hours 44 mins	173.982431328	188.814990021	156.333	187.5
57858	35.288595	-82.069249	35.306881	-82.164434	6.4 mi	8 mins	6.41054494213	7.73526979994	6.434	9.23333333333
57859	35.198261	-80.529781	35.026333	-77.581551	208 mi	3 hours 48 mins	228.678840153	243.897178473	199.506	255.233333333
57860	35.712892	-81.762773	35.132752	-77.424608	290 mi	4 hours 31 mins	289.40466185	285.538346822	290.057	295.8
57861	36.410522	-76.799008	34.746103	-79.405893	221 mi	3 hours 34 mins	236.208963474	227.832528136	238.558	243.45
57862	35.210488	-78.068067	36.309345	-76.624541	148 mi	2 hours 27 mins	162.773898788	156.154911099	163.798	172.55
57863	36.159858	-78.684274	34.987652	-79.122070	113 mi	2 hours 3 mins	114.204547585	122.374073189	112.315	130.15
57864	35.174782	-83.355590	34.996308	-83.824017	38.2 mi	43 mins	38.1500900515	43.339223227	38.189	45.3666666667
57865	34.685171	-78.693008	36.285186	-76.254227	232 mi	3 hours 32 mins	231.882375032	221.220761427	232.11	240.033333333
57866	35.926252	-80.089492	35.886633	-79.057162	68.2 mi	1 hour 12 mins	72.6576568165	77.8365691262	69.589	82.15
57867	35.292799	-82.537097	35.999363	-82.156105	85.6 mi	1 hour 42 mins	88.2054491909	110.243904114	84.729	120.65
57868	36.024007	-82.026572	35.142712	-80.008673	175 mi	3 hours 22 mins	194.265828598	211.22080156	177.538	212.933333333
57869	35.760333	-81.379972	34.515098	-78.970533	196 mi	3 hours 15 mins	195.987140844	203.324505864	191.682	206.366666667
57870	35.897470	-79.609865	35.200663	-82.753280	216 mi	3 hours 32 mins	223.09209014	216.633346846	216.582	227.583333333
57871	36.294849	-76.131044	35.718193	-77.194574	84.5 mi	1 hour 35 mins	84.4756739785	94.1122992408	96.226	118.75
57872	35.929712	-77.612480	36.187574	-76.431171	87.8 mi	1 hour 28 mins	87.7966492056	88.2072730721	87.835	94.9166666667
57873	35.659769	-81.091861	35.371989	-77.459989	251 mi	3 hours 53 mins	262.42553464	246.530559006	255.092	262.816666667
57874	36.131816	-79.081580	35.936379	-76.333370	191 mi	3 hours 3 mins	191.460654764	186.044924129	180.783	201.3
57875	35.352960	-80.593533	35.909687	-82.528409	164 mi	2 hours 47 mins	171.097296953	170.92256653	165.459	174.283333333
57876	36.179746	-78.166920	36.210742	-81.604781	212 mi	3 hours 36 mins	224.353174059	229.337621439	215.25	244.433333333
57877	34.992945	-77.737791	35.510146	-75.997509	141 mi	2 hours 40 mins	149.069795073	176.976291883	149.354	188.85
57878	34.975328	-79.744664	35.284582	-82.693272	201 mi	3 hours 32 mins	217.224895038	227.252033035	198.214	224.25
57879	36.393925	-79.253964	35.257179	-82.072997	210 mi	3 hours 27 mins	223.490013563	226.282024569	218.707	227.433333333
57880	36.015327	-76.583964	35.287672	-78.908977	179 mi	2 hours 55 mins	183.909748456	184.941536275	184.839	196.2
57881	36.014967	-80.099273	35.433067	-79.238069	83.1 mi	1 hour 20 mins	80.9961626554	81.2766768276	81.191	91.3166666667
57882	35.292711	-79.881411	35.504310	-79.542075	35.2 mi	44 mins	39.2142574957	48.2174224533	39.284	64.1666666667
57883	35.416992	-77.864153	34.473705	-78.369142	98.7 mi	2 hours 15 mins	93.9688330277	108.659340029	98.691	131.183333333
57884	36.472697	-81.098517	35.685424	-78.349152	196 mi	3 hours 11 mins	199.583917743	197.355939036	200.407	212.233333333
57885	34.539854	-78.685586	36.374213	-77.319279	185 mi	2 hours 54 mins	186.243802086	184.694344149	189.285	204.833333333
57886	36.334365	-77.026078	35.296609	-83.099524	426 mi	6 hours 40 mins	430.116121557	416.908860679	429.851	435.683333333
57887	36.102528	-79.511492	35.203775	-83.838398	284 mi	4 hours 32 mins	284.063552763	277.521532918	318.704	325.55
57888	33.928508	-78.323520	36.124913	-79.201337	211 mi	3 hours 10 mins	214.000264726	205.722038438	210.916	224.533333333
57889	35.236571	-80.107506	36.268340	-81.853684	159 mi	3 hours 8 mins	175.420628124	201.149015032	158.612	195.783333333
57890	36.453637	-80.078939	36.234142	-81.522913	108 mi	1 hour 56 mins	115.120054268	125.698250633	112.911	130.3
57891	35.321553	-82.617288	36.116337	-82.186745	80.2 mi	1 hour 36 mins	80.0406805597	96.4224918659	80.549	107.583333333
57892	36.061478	-81.902980	35.560124	-77.364359	293 mi	4 hours 40 mins	293.098442637	287.063814132	290.548	304.8
57893	35.065423	-83.998582	35.499924	-82.967807	86.1 mi	1 hour 36 mins	86.9306091229	97.8570645709	85.258	101.216666667
57894	36.266915	-80.328235	35.294763	-78.018706	178 mi	2 hours 52 mins	179.234964833	177.80351069	178.223	186.166666667
57895	35.222818	-81.333851	36.150590	-81.960668	105 mi	2 hours 0 mins	123.487943173	132.046110182	103.961	128.533333333
57896	36.025150	-78.509154	35.897495	-82.068066	233 mi	3 hours 43 mins	233.235198757	229.285962568	233.192	239.883333333
57897	35.200678	-78.873918	35.904549	-80.265260	110 mi	2 hours 7 mins	134.120332163	140.974252964	120.791	153.766666667
57898	36.537780	-81.338076	35.596904	-80.589069	102 mi	2 hours 5 mins	109.814198673	132.367497461	107.303	139.333333333
57899	35.887011	-80.233399	35.034027	-76.712432	249 mi	4 hours 6 mins	254.675086349	254.18165248	252.529	280.383333333
57900	36.369197	-77.045930	35.811761	-80.923748	247 mi	4 hours 7 mins	271.989796571	259.233525194	275.048	277.683333333
57901	34.291318	-78.893362	35.513589	-78.805096	105 mi	1 hour 52 mins	111.633725141	114.658361517	103.76	128.683333333
57902	34.868803	-80.177821	35.424073	-83.085098	216 mi	3 hours 36 mins	221.431919377	224.940218112	211.28	230.3
57903	34.265533	-78.729589	36.216155	-80.787828	223 mi	3 hours 27 mins	236.276599579	226.350799657	225.313	234.033333333
57904	35.589403	-78.683390	35.924455	-82.292435	254 mi	4 hours 13 mins	269.244913228	265.898861199	254.377	273.35
57905	36.291276	-78.434090	36.438499	-77.078243	90.9 mi	1 hour 47 mins	92.093705823	110.965412765	92.273	121.35
57906	35.644533	-81.171526	36.180836	-78.896373	149 mi	2 hours 27 mins	156.630482592	152.027090483	152.263	158.883333333
57907	34.980808	-77.799558	36.345735	-79.994807	194 mi	3 hours 11 mins	203.540153773	195.252269949	200.616	214.85
57908	35.080181	-77.692788	35.894981	-82.054560	319 mi	5 hours 6 mins	333.143127095	318.423439664	333.712	336.183333333
57909	36.125673	-79.936253	34.685171	-78.693008	139 mi	2 hours 26 mins	139.257055626	152.382808094	136.672	162.2
57910	35.677340	-82.027078	36.456100	-79.036724	203 mi	3 hours 15 mins	209.500242685	200.980587242	207.345	216.9
57911	34.446944	-78.443945	36.414238	-77.687740	177 mi	2 hours 46 mins	180.860664319	169.981081701	182.242	189.733333333
57912	35.656518	-81.849809	35.147208	-80.135307	135 mi	2 hours 25 mins	146.713119599	157.659522484	134.072	157.433333333
57913	35.893803	-79.429707	35.975934	-82.296021	201 mi	3 hours 23 mins	203.597058104	209.93680235	207.226	230.933333333
57914	35.475715	-82.507975	36.202931	-81.602826	102 mi	1 hour 59 mins	104.162426574	121.902723767	101.437	122.483333333
57915	35.976960	-77.289275	36.085566	-76.418778	63.2 mi	1 hour 8 mins	63.2706102341	73.2929814087	63.312	89.3166666667
57916	35.423209	-80.752582	35.975594	-80.284220	59.5 mi	1 hour 1 min	58.6791353376	62.0452327094	60.961	65.8
57917	35.432200	-76.747105	35.904491	-82.043785	358 mi	5 hours 34 mins	361.834555699	349.433032227	354.977	367.2
57918	36.292998	-76.151424	36.091839	-76.657725	37.7 mi	47 mins	37.6953996897	46.5700070367	37.788	51.5833333333
57919	35.526773	-79.152480	34.373499	-77.669688	143 mi	2 hours 21 mins	167.349651563	152.345895084	154.186	167.483333333
57920	35.287829	-76.690915	35.362878	-81.077432	321 mi	5 hours 2 mins	331.896312159	319.294645714	317.098	339.616666667
57921	33.986146	-78.387523	35.117115	-75.975473	195 mi	6 hours 11 mins	354.146763148	421.147105532	198.009	313.533333333
57922	35.322800	-83.807060	36.199302	-81.628997	177 mi	3 hours 23 mins	189.569627178	206.694962706	182.915	219.033333333
57923	36.426428	-79.436858	35.857161	-82.101872	195 mi	3 hours 10 mins	194.327044901	198.16258365	192.694	210.133333333
57924	36.491314	-79.425998	35.925366	-82.649397	246 mi	4 hours 2 mins	244.86075288	249.54689961	243.359	269.966666667
57925	36.075443	-77.825837	35.028497	-79.530388	140 mi	2 hours 12 mins	140.299213392	136.10516645	142.658	151.083333333
57926	35.255872	-77.147153	36.442627	-78.822062	148 mi	2 hours 51 mins	178.457298391	208.489751064	163.805	212.35
57927	34.848412	-80.002541	35.510146	-75.997509	293 mi	4 hours 53 mins	300.200298322	304.85232752	290.276	330.416666667
57928	36.550970	-81.071191	36.408820	-79.051886	156 mi	2 hours 46 mins	157.440927804	172.044658722	145.512	193.05
57929	36.063283	-81.983509	34.441544	-78.411612	290 mi	5 hours 1 min	291.027826028	315.380699802	289.15	330.433333333
57930	35.217628	-83.821957	35.178569	-77.505009	428 mi	6 hours 48 mins	430.990280251	424.907269507	428.301	435.966666667
57931	36.278617	-79.629374	35.918287	-80.573203	71.7 mi	1 hour 10 mins	72.4538161848	72.6602665568	70.244	78.6666666667
57932	35.562017	-82.876305	36.085566	-76.418778	418 mi	6 hours 19 mins	422.241969983	396.661504553	406.844	422.9
57933	35.536912	-82.857770	34.890551	-79.201568	252 mi	4 hours 17 mins	270.536574686	276.917910296	255.793	280.55
57934	35.412275	-76.335919	36.270078	-79.053115	204 mi	3 hours 28 mins	210.548925803	213.953828786	204.589	229.883333333
57935	36.024298	-76.582314	35.179095	-77.289737	102 mi	1 hour 49 mins	101.384856308	114.652850627	104.529	125.866666667
57936	35.480104	-77.651507	35.236496	-77.836823	23.1 mi	29 mins	22.9536341121	29.5450222363	23.266	37.35
57937	36.037536	-78.935666	35.726582	-76.127589	196 mi	3 hours 7 mins	195.447855467	190.300952877	184.679	211.0
57938	36.524684	-81.054904	35.448184	-76.445228	323 mi	5 hours 16 mins	328.979074041	323.139589165	323.162	358.316666667
57939	34.654451	-79.057283	35.727412	-77.752031	120 mi	1 hour 52 mins	123.875496301	116.23865466	120.473	130.683333333
57940	35.350665	-83.788295	35.144701	-76.882605	464 mi	7 hours 20 mins	467.689465853	451.474876527	464.466	487.233333333
57941	35.614723	-82.477278	35.946212	-76.130382	403 mi	6 hours 3 mins	407.197110879	376.464121513	392.433	398.4
57942	35.015692	-84.188052	35.545637	-79.542665	311 mi	5 hours 12 mins	334.114984456	331.813891919	310.856	339.033333333
57943	35.291766	-81.490394	34.799880	-77.124701	329 mi	5 hours 16 mins	332.702706171	325.691123941	306.433	350.716666667
57944	35.373194	-78.945226	35.226000	-82.432121	232 mi	4 hours 1 min	272.926351215	263.89141869	233.637	265.083333333
57945	36.501859	-81.312881	35.754734	-77.479429	273 mi	4 hours 24 mins	274.319405925	271.334224037	261.978	295.466666667
57946	36.113664	-77.729866	36.174981	-80.477893	188 mi	2 hours 52 mins	188.616879761	176.061102411	185.843	201.933333333
57947	34.103698	-78.698399	35.886566	-80.073860	184 mi	3 hours 0 mins	187.931281993	186.563238888	186.522	205.25
57948	36.524298	-80.103605	35.445005	-79.173233	109 mi	2 hours 2 mins	112.900774411	122.715212386	110.669	134.25
57949	34.930475	-77.345360	36.537338	-78.037597	171 mi	3 hours 9 mins	177.337754359	198.291334729	178.899	230.083333333
57950	35.380409	-81.318318	36.300964	-76.253403	361 mi	5 hours 27 mins	363.047456176	338.82876702	349.874	361.333333333
57951	35.096511	-83.686974	35.059764	-76.644913	491 mi	7 hours 59 mins	494.93507915	490.561137907	491.5841	533.366666667
57952	36.012817	-80.065986	35.431229	-76.463814	252 mi	4 hours 8 mins	257.296617094	251.634244084	253.697	282.15
57953	34.963428	-79.180341	35.318061	-83.179531	286 mi	4 hours 53 mins	326.112520721	323.82990611	284.1851	314.533333333
57954	35.439883	-80.453456	35.953954	-82.011727	137 mi	2 hours 37 mins	147.915867076	162.983823407	133.82	166.366666667
57955	36.015259	-77.875254	35.249471	-82.327613	307 mi	4 hours 33 mins	320.113976204	290.583667731	302.5081	295.966666667
57956	33.919052	-78.291430	34.726381	-77.096838	117 mi	2 hours 10 mins	117.922628582	134.136641858	117.204	146.433333333
57957	34.954452	-80.101431	36.515398	-77.817491	220 mi	3 hours 35 mins	219.507660542	221.214290535	228.57	249.166666667
57958	35.205290	-83.835634	35.086995	-77.905917	420 mi	6 hours 31 mins	421.280298118	416.387938746	418.903	436.666666667
57959	36.403823	-79.333787	36.402646	-80.334842	71.3 mi	1 hour 38 mins	97.2830951751	109.986014535	75.433	105.016666667
57960	35.806299	-79.102284	35.980836	-80.288118	88.4 mi	1 hour 27 mins	88.1695085048	87.7688181627	88.458	94.7833333333
57961	36.307494	-78.456474	35.891194	-82.252779	256 mi	4 hours 5 mins	255.914207025	250.329617817	256.192	264.2
57962	34.244732	-78.249849	35.318655	-78.563636	96.6 mi	1 hour 42 mins	100.264679889	108.228065595	100.885	122.516666667
57963	35.481942	-77.583918	35.140163	-77.705555	29.6 mi	40 mins	29.4302782848	38.6061618454	29.615	43.6833333333
57964	35.024055	-80.805740	35.246068	-79.259129	109 mi	2 hours 7 mins	108.962181585	132.408701146	109.765	139.75
57965	35.969145	-77.443672	35.248286	-78.951871	120 mi	2 hours 3 mins	125.698209371	127.869346339	126.013	144.55
57966	35.244754	-75.616643	35.183062	-82.774765	522 mi	8 hours 26 mins	531.735494392	520.456319095	519.458	539.866666667
57967	35.435898	-82.516730	35.355919	-80.744355	121 mi	2 hours 0 mins	135.100380907	131.334213291	121.305	129.3
57968	36.308836	-80.303962	35.640090	-82.065878	129 mi	2 hours 5 mins	128.823359661	130.196608736	128.699	134.566666667
57969	36.543194	-76.372144	36.483620	-79.805934	239 mi	4 hours 10 mins	283.802925466	283.050788451	234.91	283.083333333
57970	34.197663	-78.739315	36.535381	-77.883411	210 mi	3 hours 27 mins	226.405899561	212.60972709	228.696	246.4
57971	35.306898	-81.834586	35.072513	-78.569814	213 mi	4 hours 2 mins	242.194419282	257.956865985	220.075	265.933333333
57972	34.618095	-78.699306	35.325547	-79.269754	69.2 mi	1 hour 21 mins	67.7454088197	83.6729829364	69.209	89.3666666667
57973	36.054203	-80.113859	34.510357	-78.043112	209 mi	3 hours 5 mins	201.098825409	192.509689315	181.655	215.033333333
57974	34.149412	-78.617633	35.433154	-80.400408	166 mi	2 hours 47 mins	178.461707987	192.760742562	167.487	194.0
57975	35.031974	-79.095343	35.959212	-82.107048	235 mi	4 hours 8 mins	260.82906441	267.737255528	241.643	270.083333333
57976	35.889944	-79.799683	36.502606	-81.123807	108 mi	1 hour 47 mins	108.043017802	110.091246044	108.375	116.333333333
