ODIndex	originLat	originLng	destinationLat	destinationLng	GoogleMile	GoogleMin	ArcGISMile	ArcGISMin	OSMMile	OSMMin
66533	35.505291	-79.052851	36.138237	-80.865380	133 mi	2 hours 5 mins	133.415379041	127.710998634	127.927	138.183333333
66534	36.440268	-77.079178	36.219317	-76.706349	42.2 mi	51 mins	42.4447252123	54.0714936561	42.362	64.5333333333
66535	35.735704	-78.862566	35.914586	-78.333061	43.3 mi	45 mins	43.5587766213	46.7688278202	39.905	53.15
66536	36.023219	-76.580814	36.110636	-78.744121	165 mi	2 hours 37 mins	164.485940223	165.096701093	155.575	172.8
66537	34.720252	-79.453712	36.337406	-80.803202	177 mi	2 hours 42 mins	184.572752379	179.949113695	173.6	177.9
66538	35.525088	-79.969899	35.293961	-80.741092	55.0 mi	1 hour 8 mins	53.8196308722	72.7542685683	53.888	76.1333333333
66539	36.471509	-81.299341	36.475749	-81.056297	20.1 mi	32 mins	19.464667964	30.9365754592	19.387	31.0333333333
66540	35.554516	-82.680854	36.214152	-81.626966	104 mi	2 hours 6 mins	116.021023999	129.951364316	103.941	128.45
66541	36.041336	-78.881753	35.898931	-78.608719	22.9 mi	29 mins	22.6883873287	26.3348748624	22.769	27.8666666667
66542	36.027230	-79.346410	35.817765	-81.291316	126 mi	1 hour 59 mins	127.49333451	124.56862749	131.257	135.4
66543	34.486211	-78.563952	35.466869	-78.184162	102 mi	1 hour 46 mins	107.300650616	109.43664569	107.513	123.666666667
66544	36.206784	-79.770359	35.768837	-81.730073	128 mi	2 hours 9 mins	131.351197037	132.570065856	125.501	142.933333333
66545	36.002702	-77.684909	35.999470	-79.017746	95.7 mi	1 hour 32 mins	96.6631781448	100.293766636	95.975	109.216666667
66546	35.223185	-82.336241	35.194632	-82.918392	57.5 mi	1 hour 23 mins	57.3432032028	77.3482440671	54.603	86.0
66547	35.173178	-80.255141	35.301733	-81.535520	93.6 mi	1 hour 42 mins	94.2214306482	105.47368591	86.284	105.55
66548	35.680006	-78.409562	35.299023	-79.249407	74.7 mi	1 hour 17 mins	74.2626356401	78.3298628426	75.144	95.6333333333
66549	35.284765	-80.733485	36.148139	-81.129272	84.1 mi	1 hour 24 mins	87.4560612215	85.3388326962	84.167	86.8
66550	35.876577	-79.753956	35.277456	-81.599148	135 mi	2 hours 10 mins	135.435403082	138.467560776	135.758	145.433333333
66551	35.670034	-77.880169	34.692967	-79.520955	130 mi	2 hours 6 mins	145.733737409	133.231586455	125.392	140.266666667
66552	35.229367	-80.561749	35.956734	-82.228062	157 mi	2 hours 56 mins	156.10496852	173.229855941	149.338	186.683333333
66553	35.597013	-79.333032	36.376772	-80.302154	92.9 mi	1 hour 35 mins	91.9776693101	98.3270146933	91.318	107.95
66554	35.280771	-80.793537	35.343700	-80.957924	13.0 mi	17 mins	13.0326105836	17.9892968135	13.053	16.2666666667
66555	36.175189	-81.984389	35.022073	-83.714961	173 mi	3 hours 6 mins	171.67103202	190.654013481	169.53	199.533333333
66556	36.124981	-78.938253	35.245341	-79.622494	94.0 mi	1 hour 43 mins	102.617746014	111.709012058	94.162	118.1
66557	35.620016	-82.643050	35.216954	-82.742011	38.9 mi	51 mins	38.8522147242	49.4571246552	39.395	52.0666666667
66558	35.247650	-83.022643	35.547179	-76.187757	495 mi	7 hours 51 mins	492.93476874	476.32944607	484.619	514.75
66559	35.032223	-76.992828	35.382697	-77.687659	52.8 mi	57 mins	52.9504345889	58.5450889376	53.124	68.25
66560	35.088076	-78.847900	34.420842	-78.142552	72.6 mi	1 hour 25 mins	76.5497920477	88.1452063057	79.984	99.2333333333
66561	35.751798	-78.889582	36.430764	-76.924339	147 mi	2 hours 22 mins	148.148047188	149.643172575	150.718	162.216666667
66562	35.259435	-76.878102	36.409538	-76.282869	125 mi	2 hours 10 mins	124.48412868	130.800784681	124.759	150.416666667
66563	36.335722	-77.712561	36.379089	-77.443797	22.3 mi	26 mins	22.4380017376	31.4066008475	24.604	37.0333333333
66564	35.696629	-80.801442	35.220255	-81.396358	67.0 mi	1 hour 5 mins	66.8410097781	69.3615886616	65.69	79.5833333333
66565	35.956408	-79.628067	35.412690	-80.716140	85.9 mi	1 hour 24 mins	86.22095501	86.6999198227	90.489	96.3666666667
66566	35.211750	-75.686128	35.091891	-83.199510	558 mi	9 hours 21 mins	579.397840724	582.526285412	556.051	595.533333333
66567	35.941667	-81.252009	35.443704	-81.500014	44.3 mi	1 hour 2 mins	50.821444988	67.1617377171	53.86	76.1
66568	35.172978	-77.307551	35.853206	-77.691228	64.9 mi	1 hour 23 mins	70.6010188601	85.8114546832	70.876	94.4
66569	35.286078	-81.025751	35.542477	-82.873272	126 mi	2 hours 6 mins	138.833964446	137.100245338	127.524	136.05
66570	35.701658	-81.997757	36.112760	-81.986945	39.8 mi	1 hour 2 mins	44.2967053935	64.4594064698	44.578	61.5333333333
66571	35.707167	-82.623255	35.225969	-82.604017	44.8 mi	58 mins	49.5667337689	60.5020925566	48.722	66.1
66572	35.990732	-77.102373	35.880808	-76.610953	35.5 mi	48 mins	35.5387308037	44.8336644013	39.125	66.8166666667
66573	36.274881	-77.021221	35.882887	-79.037775	149 mi	2 hours 24 mins	153.183162793	149.974047736	153.433	159.816666667
66574	35.019293	-79.094197	36.496364	-77.942114	151 mi	2 hours 30 mins	149.753461441	154.023157431	157.738	170.35
66575	35.252843	-81.084059	35.347107	-79.121482	128 mi	2 hours 32 mins	167.845312352	162.416785244	140.609	167.633333333
66576	35.550767	-82.938799	35.940038	-82.403287	58.1 mi	1 hour 6 mins	58.1415014462	63.5429999524	58.588	70.4666666667
66577	35.798508	-82.878282	35.204895	-82.755000	67.6 mi	1 hour 37 mins	76.8912783283	98.4163393334	77.268	106.233333333
66578	35.834067	-82.784782	36.001562	-82.141905	59.8 mi	1 hour 23 mins	59.7676256404	83.1690037092	60.068	92.65
66579	35.024800	-79.139591	36.345828	-77.478823	158 mi	2 hours 32 mins	155.617447473	156.190310946	157.273	164.183333333
66580	35.895002	-76.540253	36.248192	-76.341659	44.9 mi	52 mins	45.5053594175	49.9301550987	44.966	56.55
66581	34.877501	-78.951567	35.034027	-76.712432	158 mi	2 hours 48 mins	172.082957113	177.416528297	167.224	210.583333333
66582	35.253849	-77.612650	35.336404	-79.602187	150 mi	2 hours 31 mins	149.224283749	153.890404357	155.957	183.666666667
66583	36.526169	-77.886309	35.001405	-76.791798	164 mi	2 hours 45 mins	168.166476763	172.879620841	173.159	200.916666667
66584	36.050192	-79.660868	36.508140	-77.890957	120 mi	2 hours 0 mins	120.938024818	119.672365313	120.435	135.4
66585	36.008791	-77.540216	36.453577	-77.675023	41.7 mi	50 mins	47.6090793989	52.1586712485	42.175	59.6333333333
66586	35.970089	-81.260661	36.175189	-81.984389	69.1 mi	1 hour 38 mins	70.9775580095	103.201618639	71.048	108.566666667
66587	35.809019	-81.269160	35.286716	-79.373521	138 mi	2 hours 37 mins	176.105103177	177.488525255	148.931	192.55
66588	36.223315	-76.376218	36.268244	-76.547958	12.0 mi	15 mins	12.0331676563	14.446693367	11.984	17.6833333333
66589	35.471071	-76.718566	35.417450	-83.874589	477 mi	7 hours 28 mins	473.102142879	466.591917979	474.0961	499.333333333
66590	34.738835	-76.778574	34.919652	-77.622021	59.4 mi	1 hour 11 mins	59.3367029165	72.9510328914	59.492	75.3833333333
66591	35.805796	-77.068191	36.504173	-77.256292	63.7 mi	1 hour 19 mins	61.1010326501	79.8352697108	61.31	96.0
66592	34.991134	-79.114586	35.236793	-79.308421	32.7 mi	41 mins	33.5292602609	43.4420528235	34.607	60.1
66593	36.244771	-76.588256	35.269470	-83.364520	467 mi	7 hours 15 mins	463.969146783	441.363049533	464.592	476.616666667
66594	36.482124	-79.514955	35.996701	-79.205015	53.5 mi	1 hour 7 mins	56.078264246	77.4164646872	56.219	78.3
66595	35.544270	-82.852654	35.366500	-82.009772	67.8 mi	1 hour 15 mins	67.4234592539	72.2655085558	68.822	85.25
66596	34.997293	-78.099486	36.422115	-76.666040	161 mi	2 hours 52 mins	192.571736887	192.404673412	155.135	197.316666667
66597	34.880372	-79.502431	36.275662	-80.946155	155 mi	2 hours 34 mins	183.001589311	181.958988648	173.924	193.166666667
66598	36.163754	-79.430001	35.650920	-77.418690	145 mi	2 hours 13 mins	145.734938518	139.127899682	145.299	158.483333333
66599	36.407885	-79.344123	36.313816	-78.667246	43.3 mi	55 mins	43.3084662403	55.7617119834	43.192	58.2166666667
66600	34.265680	-79.010148	34.660420	-77.201043	129 mi	2 hours 22 mins	142.588827058	154.339614394	144.143	173.7
66601	35.979457	-76.952474	35.558122	-77.603281	55.3 mi	1 hour 3 mins	55.122558877	60.7055107109	63.217	66.95
66602	35.094223	-84.033961	35.035359	-76.713345	496 mi	7 hours 56 mins	500.280900578	491.702457054	508.1931	535.966666667
66603	34.918225	-79.768742	35.215399	-80.457173	53.5 mi	1 hour 4 mins	67.1898269132	81.6955384952	57.07	86.2333333333
66604	34.456839	-78.862288	34.572807	-79.197710	27.6 mi	29 mins	27.8135505251	30.8150264419	32.502	38.5
66605	35.913869	-78.668766	36.539407	-79.249704	65.3 mi	1 hour 20 mins	65.1827496391	81.4584171661	65.025	92.0166666667
66606	35.553692	-76.867944	35.052704	-78.836258	144 mi	2 hours 17 mins	146.270691509	140.024067798	141.115	152.433333333
66607	35.496136	-76.042900	35.306557	-83.878026	523 mi	8 hours 19 mins	533.410405646	519.735412121	521.8489	553.883333333
66608	35.862250	-77.822512	35.511002	-78.050872	32.7 mi	39 mins	33.5206803597	40.6274856617	34.288	44.9
66609	36.070427	-79.328366	36.069049	-79.276526	3.9 mi	6 mins	3.95838454927	4.86514698366	3.923	7.58333333333
66610	35.491000	-78.785088	35.385601	-79.240697	36.4 mi	48 mins	36.2905221337	48.1325719432	36.392	54.7333333333
66611	36.415134	-81.572175	35.206230	-80.100363	152 mi	2 hours 57 mins	169.285164502	191.425931059	153.282	189.85
66612	36.190452	-79.852099	36.082376	-79.083162	53.2 mi	1 hour 3 mins	53.2056922526	62.2769396385	53.348	65.5666666667
66613	35.153763	-76.772273	35.018586	-83.715694	474 mi	7 hours 27 mins	477.680608528	462.000876229	484.365	499.783333333
66614	34.142729	-77.886114	35.514911	-79.564021	170 mi	3 hours 0 mins	197.659341257	190.442677919	155.468	196.533333333
66615	35.855211	-77.734950	36.299297	-78.095758	47.1 mi	58 mins	46.9964278143	55.0367164256	47.151	68.2666666667
66616	35.104604	-77.974672	35.958476	-76.124663	149 mi	2 hours 42 mins	152.963608038	178.220746383	152.537	197.3
66617	35.322785	-79.040635	34.746515	-79.592225	67.1 mi	1 hour 19 mins	66.4830931568	79.8145765624	72.468	97.0
66618	36.353051	-78.350752	36.488324	-78.016524	23.6 mi	34 mins	23.6567854839	33.1131190408	25.639	46.0333333333
66619	35.836854	-78.640626	35.980244	-80.439958	119 mi	1 hour 50 mins	119.143196898	112.159344447	119.448	122.75
66620	35.824751	-78.519653	35.607879	-79.132334	43.5 mi	45 mins	43.9499352471	49.9728383266	43.446	50.3666666667
66621	34.889542	-78.986621	34.893490	-78.935353	3.7 mi	5 mins	3.66891729445	8.85682505147	4.821	11.4666666667
66622	35.548232	-77.037960	36.189917	-76.473892	68.8 mi	1 hour 12 mins	68.7007083865	73.3894765376	68.888	78.2
66623	34.796940	-79.435373	36.250714	-81.068125	168 mi	2 hours 48 mins	194.395597342	190.675379319	176.254	199.233333333
66624	36.140232	-77.137317	36.441230	-76.314346	63.0 mi	1 hour 12 mins	63.1106226407	72.5172162294	63.618	80.4833333333
66625	35.135663	-78.400042	35.728548	-76.633398	157 mi	2 hours 29 mins	156.850480057	160.068759452	168.266	179.916666667
66626	34.529752	-78.633798	35.406098	-78.738117	82.0 mi	1 hour 25 mins	80.853113772	85.7566478132	78.489	96.0333333333
66627	35.911038	-80.464253	35.198256	-82.218565	137 mi	2 hours 27 mins	160.534713893	161.578370188	138.798	170.166666667
66628	36.113586	-78.336493	35.526434	-78.583911	54.7 mi	1 hour 5 mins	57.7017055324	66.7096563038	54.512	69.9666666667
66629	35.367786	-83.211091	35.712147	-76.114092	462 mi	7 hours 6 mins	466.589242367	440.604219815	451.506	468.75
66630	36.283315	-79.255850	35.451016	-79.218050	71.8 mi	1 hour 28 mins	69.9771478317	90.142283432	72.716	104.4
66631	35.671265	-80.961220	34.751306	-79.242439	148 mi	2 hours 46 mins	150.456245481	179.533834344	150.277	185.883333333
66632	36.115831	-80.363152	36.301220	-80.809435	44.1 mi	46 mins	54.344203919	51.0018289596	44.077	49.0333333333
66633	35.619149	-82.287097	35.704883	-80.242054	135 mi	2 hours 12 mins	139.088801848	140.945155511	135.87	144.816666667
66634	35.658408	-76.580031	35.007091	-76.862571	80.8 mi	1 hour 37 mins	60.4592860481	95.6699289294	81.295	115.45
66635	35.785569	-76.398571	35.097729	-76.714348	107 mi	2 hours 5 mins	101.358522634	123.277455378	107.963	148.716666667
66636	35.868177	-80.116650	35.663746	-82.011840	118 mi	1 hour 58 mins	130.139486955	129.472134186	118.247	129.983333333
66637	36.152581	-78.224736	35.027905	-76.714694	138 mi	2 hours 31 mins	146.873378027	160.604351088	151.915	190.866666667
66638	35.141773	-79.825014	36.416294	-78.188087	154 mi	2 hours 38 mins	176.580943057	174.79384616	155.329	185.4
66639	34.925814	-79.835261	34.791681	-79.531492	23.0 mi	24 mins	23.0374219443	24.1661273523	22.531	25.5833333333
66640	36.082599	-76.421203	35.437954	-83.438413	461 mi	7 hours 1 min	464.826859193	439.731509217	457.8481	461.366666667
66641	36.313494	-76.260398	35.456463	-76.534293	96.6 mi	1 hour 58 mins	97.1716015422	113.417618658	97.937	142.8
66642	34.786198	-78.051384	35.954998	-76.292956	163 mi	3 hours 0 mins	204.367605476	202.806983605	171.055	204.9
66643	35.446961	-77.739179	35.117717	-76.914215	65.8 mi	1 hour 11 mins	65.7294985059	71.5411503538	0	0.0
66644	36.268452	-79.360805	35.415666	-80.979187	128 mi	2 hours 13 mins	126.779984326	138.618607057	130.039	147.533333333
66645	36.140647	-80.359271	35.316605	-82.220931	139 mi	2 hours 28 mins	150.944891411	159.697503506	144.584	173.033333333
66646	35.936192	-77.733152	36.480587	-77.835381	52.3 mi	54 mins	52.2565076309	52.1279357873	52.357	60.1166666667
66647	36.386246	-79.470833	35.899177	-81.234251	129 mi	2 hours 6 mins	128.428783162	130.749030206	126.276	138.066666667
66648	36.160160	-80.198675	36.297221	-80.482241	23.4 mi	29 mins	23.3361292509	30.1419022492	23.453	33.8333333333
66649	35.072098	-80.162675	35.916926	-82.073188	173 mi	3 hours 1 min	172.922834398	189.081141754	170.813	200.033333333
66650	36.133286	-80.365980	35.922632	-81.018829	53.7 mi	59 mins	53.7154561736	63.3723505219	53.758	72.3
66651	35.252008	-75.582814	36.006884	-75.676801	60.8 mi	1 hour 21 mins	60.6182180172	78.9255353569	60.831	85.0833333333
66652	36.081228	-78.294280	34.812230	-79.975661	147 mi	2 hours 39 mins	148.356173513	166.885889839	152.468	181.283333333
66653	35.975579	-81.946291	35.335906	-81.837447	58.7 mi	1 hour 14 mins	58.0934144281	74.6541998083	57.83	77.8666666667
66654	35.333366	-80.874200	34.391848	-79.085164	144 mi	2 hours 40 mins	138.978333816	162.02404401	139.36	173.083333333
66655	35.578997	-77.709564	35.000755	-77.492473	49.8 mi	1 hour 0 mins	52.4873915084	62.2505599381	53.754	75.5166666667
66656	36.026767	-78.762382	36.417247	-78.921502	37.0 mi	50 mins	41.0554964349	55.0219305325	41.036	60.65
66657	35.698199	-79.556611	36.004446	-79.206140	37.6 mi	52 mins	39.4636061584	56.3391795056	47.012	75.4333333333
66658	35.271370	-82.500972	36.219014	-80.663820	171 mi	2 hours 44 mins	171.080454288	169.329143041	165.512	172.866666667
66659	34.696364	-76.556206	35.024342	-83.665126	502 mi	8 hours 1 min	505.711020252	497.608327485	523.824	545.55
66660	35.956043	-82.625238	35.952539	-82.110718	57.2 mi	1 hour 32 mins	58.2094603995	93.1634854903	64.668	112.366666667
66661	35.582851	-79.578645	35.985726	-78.819368	66.2 mi	1 hour 17 mins	64.0938600698	80.2720453385	62.167	92.1833333333
66662	36.334609	-79.158600	35.042473	-77.337287	164 mi	2 hours 55 mins	161.226784002	175.37597223	172.318	218.35
66663	35.769672	-78.723230	35.023390	-80.800948	149 mi	2 hours 38 mins	182.017836537	170.152664923	149.602	176.116666667
66664	35.803945	-79.250801	36.332738	-77.302349	147 mi	2 hours 21 mins	147.337587393	144.148997649	150.096	166.033333333
66665	36.151852	-78.366597	36.081786	-78.167460	16.4 mi	22 mins	16.1204857866	27.0133012513	16.439	36.6833333333
66666	36.460960	-77.678705	36.531414	-77.906212	21.1 mi	30 mins	21.044787513	28.991211709	21.152	40.3
66667	36.303299	-80.358860	36.076126	-79.513175	61.4 mi	1 hour 3 mins	61.4199641783	65.3646931181	61.335	70.9
66668	35.587014	-77.088926	36.098624	-77.187281	49.4 mi	52 mins	49.2605681429	52.4329812483	53.97	62.75
66669	35.084346	-84.022331	35.919375	-82.385911	139 mi	2 hours 27 mins	138.888041726	149.544252585	139.466	154.616666667
66670	35.483960	-76.808750	36.079995	-76.435475	76.1 mi	1 hour 22 mins	76.0518047605	89.780870145	69.943	109.45
66671	34.554381	-79.328189	36.164293	-80.749809	174 mi	2 hours 48 mins	181.910198682	181.431666349	170.484	190.5
66672	35.679149	-78.328360	35.533754	-78.539372	21.0 mi	31 mins	26.039255003	37.3179680888	26.485	42.3833333333
66673	36.375588	-79.322514	34.576528	-79.189899	175 mi	2 hours 43 mins	173.353081159	165.976648877	174.114	179.816666667
66674	36.014349	-76.580962	36.438499	-77.078243	55.6 mi	1 hour 8 mins	56.3622675199	71.5633411301	62.191	81.5666666667
66675	36.009760	-78.841788	36.522584	-76.789316	141 mi	2 hours 33 mins	151.72956163	153.195135655	143.574	173.25
66676	35.406342	-78.209388	35.727412	-77.752031	50.7 mi	52 mins	50.7561492612	53.3130723904	55.964	74.0666666667
66677	34.306199	-78.907513	35.916242	-77.636417	169 mi	2 hours 32 mins	168.535932343	156.1626656	169.677	175.866666667
66678	35.146739	-80.291633	34.799005	-79.476476	60.1 mi	1 hour 5 mins	60.6298728327	67.9863503154	59.891	78.2666666667
66679	35.987416	-77.927966	35.173635	-78.216169	76.5 mi	1 hour 15 mins	74.663567263	77.9850896094	76.641	88.9
66680	35.295960	-83.264905	35.421871	-83.425832	21.1 mi	26 mins	20.9853158291	26.227583599	21.076	30.3666666667
66681	35.707825	-82.579783	35.544240	-80.411193	148 mi	2 hours 30 mins	176.575474875	171.023949417	148.571	154.283333333
66682	35.947242	-79.083138	36.447969	-79.551733	60.1 mi	1 hour 16 mins	63.4204073178	74.6943647489	63.707	77.2333333333
66683	35.908034	-79.819988	35.124139	-80.224409	71.6 mi	1 hour 28 mins	107.304412776	110.514535209	80.148	103.716666667
66684	35.552209	-77.423795	35.247076	-76.578919	63.3 mi	1 hour 21 mins	63.7202176201	75.6365711021	68.264	101.733333333
66685	34.104864	-77.897664	34.473479	-77.578974	37.4 mi	46 mins	37.2619752737	46.0699274489	33.75	45.1166666667
66686	36.034417	-80.078075	35.980244	-80.439958	28.3 mi	32 mins	28.1973028147	31.8593670209	28.498	38.55
66687	35.169713	-80.493100	34.914281	-79.755901	52.9 mi	1 hour 4 mins	64.1376630533	77.8291045781	54.788	80.35
66688	36.096577	-78.784650	36.159976	-76.687537	170 mi	2 hours 41 mins	170.532749585	167.598042542	161.265	180.483333333
66689	35.543315	-76.999084	35.636944	-77.698934	47.9 mi	53 mins	47.8276360653	54.0015126382	47.879	57.2666666667
66690	34.262824	-77.815500	35.954835	-79.078448	161 mi	2 hours 23 mins	160.535522534	145.814878206	163.768	161.833333333
66691	36.196732	-75.757779	35.066428	-77.355769	175 mi	3 hours 10 mins	189.720851495	212.189631988	177.445	212.0
66692	35.551902	-76.226081	35.027927	-76.863579	88.9 mi	2 hours 15 mins	82.8433374228	118.855929677	117.696	157.866666667
66693	36.209411	-78.937021	36.259269	-78.738061	16.7 mi	23 mins	13.28176637	30.843693606	13.21	42.2
66694	35.226486	-80.226745	35.656042	-78.108455	159 mi	2 hours 44 mins	193.100794867	187.288568201	162.281	185.65
66695	35.705390	-81.748792	35.211180	-81.379228	54.6 mi	1 hour 8 mins	69.7144120383	70.1988810848	53.527	75.4833333333
66696	35.571239	-82.709755	35.174742	-83.360749	58.9 mi	1 hour 4 mins	58.7385770439	64.6124198842	59.628	74.7666666667
66697	34.285118	-78.859558	36.400449	-79.327873	200 mi	3 hours 6 mins	195.466915996	192.588919857	197.255	210.883333333
66698	35.870820	-76.659402	36.290764	-76.146965	54.3 mi	1 hour 3 mins	54.105498701	63.9317104785	54.309	71.1333333333
66699	35.805339	-79.275111	35.480844	-80.107962	60.9 mi	1 hour 13 mins	65.5495176305	83.3647798489	68.908	92.9666666667
66700	35.755350	-81.405485	35.641224	-80.898092	41.0 mi	50 mins	40.6941983084	53.4815239715	48.812	65.9166666667
66701	35.189446	-81.149329	35.445947	-81.279207	23.6 mi	32 mins	23.5083228501	32.1718557308	23.414	32.1166666667
66702	36.524385	-76.177224	36.287278	-76.253215	25.1 mi	31 mins	26.1828815281	33.9679494763	25.101	34.65
66703	35.248770	-81.059583	35.185658	-81.412070	26.0 mi	26 mins	24.378822282	25.2696119636	24.441	25.8333333333
66704	35.233098	-77.209887	35.951179	-78.997549	136 mi	2 hours 15 mins	135.592796498	136.607247117	154.798	169.766666667
66705	34.884243	-76.341720	35.344401	-83.421322	494 mi	8 hours 1 min	496.403655324	494.5604674	515.9471	540.316666667
66706	35.604335	-80.771686	35.791984	-78.529794	157 mi	2 hours 24 mins	157.105440597	147.098265251	154.121	156.416666667
66707	35.755078	-78.891591	36.144441	-80.866101	127 mi	1 hour 59 mins	133.113250477	125.002746547	134.724	132.95
66708	36.537581	-80.992684	35.039480	-79.932334	161 mi	2 hours 56 mins	172.265468835	190.110856322	167.472	206.666666667
66709	35.350015	-76.772506	36.084912	-76.598263	88.2 mi	1 hour 37 mins	88.0079067623	96.1327888133	90.81	112.95
66710	34.043479	-78.236165	35.836854	-78.640626	159 mi	2 hours 22 mins	157.570243083	142.142349707	157.904	154.9
66711	35.624324	-81.815071	35.904143	-81.569580	27.2 mi	39 mins	27.5784471154	37.6759532145	26.736	39.0
66712	35.271048	-82.674399	35.910789	-82.380744	61.1 mi	1 hour 6 mins	61.029930696	66.2077445589	61.329	71.35
66713	35.096250	-84.034320	35.143656	-76.631400	498 mi	7 hours 57 mins	501.263593632	494.324448451	509.0481	545.266666667
66714	35.354738	-79.930816	34.398546	-77.936795	181 mi	2 hours 55 mins	188.181269569	190.513564782	184.973	206.833333333
66715	36.015798	-80.220676	34.614176	-78.646812	161 mi	2 hours 45 mins	162.468984354	171.181712002	160.122	180.116666667
66716	34.794809	-77.677649	36.024530	-79.462860	169 mi	2 hours 36 mins	166.932069472	159.343932583	169.27	187.733333333
66717	35.528600	-82.954721	35.452120	-76.020158	452 mi	7 hours 4 mins	461.91761334	439.030265905	452.38	471.85
66718	35.860699	-80.207016	35.873366	-77.965359	150 mi	2 hours 22 mins	154.459021848	149.703206464	145.96	169.166666667
66719	34.636754	-77.918478	36.544067	-76.731469	164 mi	3 hours 0 mins	213.180763203	202.18357742	170.199	199.383333333
66720	35.041756	-83.901875	35.928983	-76.343152	502 mi	7 hours 49 mins	508.365244049	483.032389301	493.3159	509.033333333
66721	34.925333	-78.883343	34.735605	-79.439654	42.3 mi	54 mins	57.7709604862	59.0518689109	59.569	65.8833333333
66722	35.485683	-80.722259	35.387975	-80.265085	33.0 mi	46 mins	31.6853247954	47.0000289314	32.839	57.2
66723	35.909809	-75.675283	36.422661	-77.680046	148 mi	2 hours 40 mins	148.210392375	162.655253136	148.435	180.983333333
66724	35.463028	-78.242826	35.055837	-78.531313	49.7 mi	55 mins	48.0890028673	55.7169635746	51.022	67.8166666667
66725	35.943182	-80.401960	36.055466	-82.275182	142 mi	2 hours 36 mins	142.45888227	158.79343732	142.066	167.083333333
66726	36.322379	-76.112688	36.477272	-76.042901	17.5 mi	26 mins	16.1491220472	25.3359117133	20.32	33.9666666667
66727	34.806799	-79.541285	36.172046	-80.868312	156 mi	2 hours 23 mins	164.017622053	158.292304124	152.523	161.433333333
66728	35.806765	-81.428580	35.985864	-81.931457	51.4 mi	1 hour 17 mins	54.7250232604	74.2935219469	58.178	82.85
66729	35.414375	-80.723165	35.773404	-81.388451	57.4 mi	1 hour 11 mins	70.8415967698	75.0414860554	57.696	73.2333333333
66730	36.134788	-81.849784	35.880629	-81.362915	47.6 mi	1 hour 12 mins	52.8470749855	75.341006464	52.935	76.3166666667
66731	35.932473	-78.272139	34.923798	-79.769892	129 mi	2 hours 8 mins	128.316128335	132.436414085	130.824	145.866666667
66732	35.062426	-77.263001	35.140327	-76.783363	31.3 mi	36 mins	31.2977989185	41.3705212815	31.323	45.3166666667
66733	35.206747	-83.818415	34.860536	-76.753451	481 mi	7 hours 36 mins	484.701981931	472.607879208	492.5331	518.033333333
66734	36.192799	-77.453868	34.312751	-77.739001	176 mi	2 hours 45 mins	192.401270342	176.588266162	175.717	188.95
66735	35.876577	-79.753956	35.309879	-79.799494	49.4 mi	50 mins	46.6316622187	54.121508844	49.428	61.5666666667
66736	34.757149	-76.727881	35.035723	-84.112043	511 mi	8 hours 9 mins	514.582765693	509.202285966	534.5901	555.283333333
66737	35.856160	-78.641249	36.284562	-78.951065	39.9 mi	52 mins	41.9823058187	51.2946781402	41.734	53.8833333333
66738	36.236525	-81.871340	36.467988	-79.687509	151 mi	2 hours 50 mins	151.341712527	178.229335667	151.492	182.75
66739	35.916749	-81.321254	36.444282	-81.403810	59.4 mi	1 hour 18 mins	59.3441250501	77.8705128263	67.896	85.7333333333
66740	35.408384	-80.762233	34.969138	-80.066173	64.6 mi	1 hour 15 mins	69.7046479286	82.0649818709	70.232	84.5166666667
66741	35.753473	-80.498172	35.166859	-78.624498	138 mi	2 hours 40 mins	185.9501518	177.287385679	151.879	180.9
66742	35.455471	-82.576288	35.912422	-82.373149	44.1 mi	49 mins	43.8607632592	48.3632920616	44.141	53.3
66743	35.400430	-83.421295	35.420305	-83.369980	8.0 mi	19 mins	9.42810636677	18.4859092007	9.345	24.3833333333
66744	35.357752	-79.858544	36.429626	-77.955716	174 mi	2 hours 41 mins	174.67661136	165.033639449	174.305	176.75
66745	35.016191	-83.381062	35.246332	-81.509380	153 mi	2 hours 32 mins	161.562959873	168.749459726	153.691	164.216666667
66746	36.237490	-81.928987	35.952006	-82.018574	29.7 mi	54 mins	29.5642942526	51.1330348722	50.332	75.1666666667
66747	36.479066	-81.314483	34.962337	-79.985519	193 mi	3 hours 11 mins	173.161188713	201.011742732	173.91	197.616666667
66748	35.313687	-82.603050	35.293545	-83.178224	71.1 mi	1 hour 20 mins	72.6359912401	82.315851816	59.981	87.1833333333
66749	36.019658	-80.065308	35.337467	-81.926477	135 mi	2 hours 12 mins	134.823598711	133.748845373	135.098	142.5
66750	34.802136	-77.454337	34.784512	-79.632661	149 mi	2 hours 48 mins	161.981307564	179.089359853	150.347	197.7
66751	35.775251	-81.364963	34.857139	-79.596544	151 mi	2 hours 39 mins	151.412944036	163.944755308	147.003	165.7
66752	35.636818	-82.050972	36.017250	-81.881618	34.4 mi	44 mins	34.19138114	44.3752749205	34.457	47.5333333333
66753	35.131970	-77.660764	34.466841	-77.579157	54.5 mi	1 hour 2 mins	54.3371872993	61.2210216654	54.591	68.75
66754	36.060844	-80.066912	35.707327	-78.089472	136 mi	2 hours 7 mins	136.342883881	129.008375857	133.442	146.133333333
66755	36.388293	-79.270352	35.970089	-81.260661	144 mi	2 hours 26 mins	146.906274206	153.260782283	144.841	163.083333333
66756	36.071859	-80.135287	36.144925	-79.675912	34.4 mi	37 mins	34.2829201561	36.8775283581	32.014	43.45
66757	35.087675	-80.280009	36.230562	-81.818412	167 mi	2 hours 57 mins	158.18510258	180.523190977	149.508	185.7
66758	35.742330	-81.863137	36.338550	-81.364978	79.4 mi	1 hour 46 mins	84.2188665808	114.23279729	81.821	121.85
66759	35.212449	-80.092967	36.268340	-81.853684	160 mi	3 hours 6 mins	176.260871676	202.206344441	160.419	196.1
66760	35.031461	-78.521142	35.338782	-79.315500	57.6 mi	1 hour 15 mins	60.5400604699	88.1464127271	64.268	89.5333333333
66761	36.405361	-79.331764	35.584357	-77.699243	133 mi	2 hours 8 mins	131.013932087	132.151109464	127.195	145.116666667
66762	35.798967	-78.474783	36.254185	-76.320733	147 mi	2 hours 13 mins	147.077422964	137.727580855	147.264	149.566666667
66763	35.260347	-77.586629	34.713045	-77.176472	53.6 mi	1 hour 5 mins	54.2039029282	64.6927661551	59.392	72.35
66764	36.025038	-80.222573	35.525019	-80.550171	45.7 mi	45 mins	47.1528475967	48.859061161	45.864	53.75
66765	36.180728	-76.466797	36.219169	-76.709428	16.3 mi	24 mins	16.407911939	25.8617398233	24.546	38.6333333333
66766	35.927333	-82.691939	36.018724	-80.465542	166 mi	2 hours 52 mins	167.839176831	170.980973009	167.663	181.366666667
66767	36.227356	-76.700991	36.142562	-76.342471	26.8 mi	42 mins	26.9746385262	42.2298162678	35.584	60.75
66768	36.440638	-77.076778	35.031461	-78.521142	156 mi	2 hours 35 mins	158.58319542	160.590872376	162.583	178.6
66769	36.484275	-76.146689	35.139400	-82.818794	467 mi	7 hours 23 mins	473.64951476	458.062250503	464.657	473.116666667
66770	36.025566	-80.149806	35.953845	-80.453227	24.3 mi	30 mins	24.3207250934	30.9953847418	24.139	38.4166666667
66771	36.008586	-77.605852	35.311135	-79.740038	152 mi	2 hours 29 mins	152.106580342	156.016862771	152.319	173.666666667
66772	35.578433	-78.863270	36.455822	-79.015995	70.8 mi	1 hour 24 mins	78.2957438694	97.475584815	73.994	101.55
66773	35.549109	-76.843446	34.147288	-78.100852	158 mi	2 hours 49 mins	161.018731826	181.475112086	153.069	180.066666667
66774	35.540699	-76.708637	35.272720	-77.415693	62.7 mi	1 hour 21 mins	60.6454726129	77.5119118526	74.58	97.5
66775	36.159905	-80.172269	35.896818	-82.143263	142 mi	2 hours 22 mins	142.295319369	146.910430114	141.437	149.733333333
66776	36.338900	-76.971375	35.822710	-77.350322	46.4 mi	51 mins	46.7823033888	52.0342590275	46.483	55.7833333333
66777	35.967981	-80.305279	35.992397	-80.445509	16.3 mi	28 mins	23.8709160565	30.4683479061	23.999	36.1
66778	36.014932	-81.987019	36.012924	-82.289474	37.4 mi	57 mins	37.2869219876	57.7186086108	37.541	68.5666666667
66779	35.564871	-82.670305	36.062940	-75.712554	458 mi	6 hours 58 mins	481.068691928	465.782715884	447.0691	460.7
66780	35.026333	-77.581551	35.431365	-77.963986	47.2 mi	59 mins	46.0606198921	54.3059552813	49.394	77.2
66781	35.515233	-80.539106	35.865496	-80.846345	40.6 mi	51 mins	46.5805478674	58.3602642646	42.248	56.35
66782	36.459385	-78.772023	35.099538	-77.323708	147 mi	2 hours 49 mins	171.139745605	179.803369552	149.358	209.816666667
66783	34.862875	-80.263457	34.584301	-78.242796	148 mi	2 hours 45 mins	147.331405539	164.927296473	145.876	203.05
66784	36.156276	-80.218803	36.198389	-80.494899	19.8 mi	30 mins	20.5924151733	32.2765749573	22.681	38.95
66785	36.418095	-78.152330	36.289547	-76.043388	140 mi	2 hours 43 mins	167.464486858	183.579227224	139.884	186.733333333
66786	36.373795	-79.938961	36.300356	-81.897458	133 mi	2 hours 28 mins	132.779154044	152.340647665	133.016	156.683333333
66787	36.166902	-76.338445	36.231173	-76.220984	15.1 mi	21 mins	15.0369935194	24.6926603321	15.092	35.7
66788	35.703456	-81.722863	36.192818	-81.224130	54.3 mi	1 hour 12 mins	70.5804368616	85.1015696031	56.279	80.65
66789	36.400227	-81.329293	35.945449	-81.560727	58.2 mi	1 hour 21 mins	52.1856209941	74.3868799197	60.462	81.7166666667
66790	36.302759	-78.974722	36.299103	-78.389595	38.3 mi	51 mins	43.5620876205	53.9168563812	40.236	55.7333333333
66791	36.124899	-76.873926	36.170049	-76.231588	57.6 mi	1 hour 7 mins	55.3150376267	73.5156994492	57.72	99.9833333333
66792	35.218397	-81.364232	35.594452	-80.604666	66.9 mi	1 hour 8 mins	66.7520269377	71.0769320138	67.304	73.5166666667
66793	35.318131	-83.528304	35.031581	-83.808670	53.2 mi	1 hour 11 mins	52.21851549	69.3111118404	51.693	76.7666666667
66794	35.027946	-80.643379	35.168779	-80.505571	19.2 mi	28 mins	17.4364265651	27.6145998282	17.322	33.4666666667
66795	34.566454	-77.918122	34.911391	-79.750152	135 mi	2 hours 14 mins	155.114148713	151.832880855	136.752	162.816666667
66796	35.910814	-80.114574	35.340577	-79.711929	59.3 mi	58 mins	59.2582129831	60.6535627797	59.399	65.1166666667
66797	34.474487	-78.200785	35.719767	-79.713707	142 mi	2 hours 43 mins	153.495802717	171.801761818	151.191	181.083333333
66798	34.709391	-76.622236	35.407319	-78.702688	149 mi	2 hours 40 mins	150.879421994	165.983506482	150.259	178.566666667
66799	35.536973	-77.673195	34.752320	-79.459520	144 mi	2 hours 18 mins	154.171926035	144.382842112	139.477	156.983333333
66800	35.189837	-81.155514	35.830596	-81.386029	51.5 mi	58 mins	52.2878189708	63.707313191	52.256	66.8
66801	35.096681	-80.146153	36.355541	-78.386776	170 mi	2 hours 45 mins	176.834708072	174.705065446	177.081	190.283333333
66802	35.826686	-77.632205	36.305529	-76.886959	64.6 mi	1 hour 17 mins	77.7993711684	83.9950527618	68.58	86.0666666667
66803	35.401933	-80.698570	35.930647	-81.038635	56.6 mi	1 hour 7 mins	53.4396148083	69.0846559883	63.125	77.7666666667
66804	36.239641	-81.926019	35.341111	-83.747229	168 mi	3 hours 16 mins	186.35847184	210.898828183	183.05	216.833333333
66805	34.618968	-77.988852	36.403763	-76.629979	169 mi	3 hours 11 mins	220.1858314	218.333170481	179.898	221.883333333
66806	35.594513	-77.027994	35.683321	-76.598484	36.2 mi	47 mins	37.8562477282	48.4244213896	37.908	60.5333333333
66807	35.915523	-81.394164	35.325366	-80.866841	67.5 mi	1 hour 14 mins	69.5277705583	75.8762535665	67.839	78.75
66808	35.791301	-77.182921	36.094742	-76.453607	55.5 mi	57 mins	55.5564125065	67.3953143146	55.614	72.7166666667
66809	35.108894	-84.052696	36.507374	-76.091290	544 mi	8 hours 33 mins	543.333223483	537.17306761	532.54	560.816666667
66810	36.471129	-76.338055	35.904381	-76.299410	60.3 mi	1 hour 3 mins	60.5200163873	62.6585295035	60.913	70.2833333333
66811	35.165051	-80.937590	35.596904	-80.589069	43.6 mi	47 mins	43.5876971983	49.5495794942	44.071	51.2833333333
66812	34.723437	-78.507827	35.001746	-79.137465	58.7 mi	1 hour 15 mins	66.3189270534	84.6741372962	69.308	96.7333333333
66813	34.155046	-77.991847	35.946778	-79.119060	176 mi	2 hours 39 mins	176.020279921	161.089260787	176.549	180.9
66814	36.119030	-80.787935	36.113946	-80.518071	16.4 mi	18 mins	16.6810898458	16.7136381261	16.412	19.5833333333
66815	36.292011	-77.713118	35.796224	-76.967673	83.3 mi	1 hour 15 mins	93.2284783469	83.5816219247	83.392	82.4833333333
66816	34.130187	-78.690776	35.912364	-79.111419	145 mi	2 hours 48 mins	182.075861683	175.077468323	161.504	192.816666667
66817	35.551409	-79.399113	34.990573	-79.065479	57.5 mi	1 hour 16 mins	61.2060432247	80.1649127749	57.737	86.3166666667
66818	35.007175	-77.737653	34.841613	-79.590646	135 mi	2 hours 29 mins	147.694561774	156.201539545	129.791	164.266666667
66819	35.695162	-81.839756	36.209525	-81.308013	63.7 mi	1 hour 24 mins	83.9869634132	101.018997724	69.415	101.05
66820	35.654211	-81.177258	36.077479	-79.340771	118 mi	1 hour 52 mins	119.942995042	115.300969516	122.112	123.116666667
66821	36.504239	-76.087803	35.827408	-76.513678	71.5 mi	1 hour 28 mins	71.2395476068	85.11758008	71.556	101.433333333
66822	35.452598	-79.219991	36.245845	-80.911087	135 mi	2 hours 8 mins	134.900133212	131.24333127	135.297	144.733333333
66823	36.148443	-81.328084	35.857057	-80.601634	51.7 mi	1 hour 2 mins	53.7433923544	64.1309774592	59.437	80.2333333333
66824	35.466141	-78.825410	35.729118	-80.993948	162 mi	2 hours 40 mins	164.416092408	163.204278814	161.956	174.883333333
66825	36.501696	-81.140107	36.074227	-81.901694	69.3 mi	1 hour 37 mins	69.1923154612	93.978215355	72.766	97.7666666667
66826	35.708286	-77.465188	35.748580	-79.446373	125 mi	2 hours 1 min	129.531355166	128.654714247	126.164	139.516666667
66827	35.867641	-78.247603	36.532729	-77.887195	69.5 mi	1 hour 18 mins	82.9552994047	78.8316794063	81.463	97.65
66828	34.744597	-76.819262	35.025831	-83.666485	481 mi	7 hours 32 mins	484.614500154	470.357238528	497.977	505.85
66829	35.806653	-81.322704	35.483959	-79.126403	159 mi	2 hours 31 mins	159.66363378	156.728668543	163.173	171.85
66830	35.502955	-82.944170	35.682509	-82.064506	61.3 mi	1 hour 6 mins	60.6711650944	67.8154702388	60.702	70.1833333333
66831	36.019191	-78.537536	35.835306	-76.733889	116 mi	1 hour 58 mins	116.999957496	122.083049612	120.217	132.533333333
66832	35.965321	-81.170112	36.051431	-81.917203	67.8 mi	1 hour 27 mins	67.6370980764	87.2927081193	69.5	91.25
66833	35.638981	-81.200307	35.820472	-81.318340	17.6 mi	29 mins	18.8445665768	31.0449487692	20.902	37.1833333333
66834	35.787251	-77.487607	35.314937	-79.231353	136 mi	2 hours 2 mins	135.593308806	127.899650822	135.152	137.716666667
66835	35.878690	-78.222589	33.897669	-78.467871	183 mi	2 hours 54 mins	201.726884959	188.086365267	187.745	202.233333333
66836	34.698892	-76.569421	35.412275	-76.335919	137 mi	2 hours 38 mins	139.73991632	162.970120396	140.023	187.683333333
66837	35.572994	-76.579469	35.316211	-83.820082	475 mi	7 hours 26 mins	478.868815855	464.82338406	475.539	492.25
66838	35.476365	-80.371428	35.409444	-79.523541	62.8 mi	1 hour 15 mins	62.6473629868	76.7097038883	61.72	85.15
66839	36.485804	-76.189269	35.315313	-83.178135	453 mi	7 hours 31 mins	483.039806524	464.535373674	479.4821	491.25
66840	35.107848	-78.144630	35.241399	-80.069328	134 mi	2 hours 32 mins	173.367972944	177.571780251	139.328	178.2
66841	35.986020	-79.077297	35.874767	-79.154531	12.0 mi	20 mins	12.0115040521	20.9036889295	12.5	26.8666666667
66842	35.810236	-78.001953	35.741772	-76.130727	133 mi	2 hours 12 mins	133.310875064	135.966183478	133.349	151.2
66843	35.170494	-78.139880	35.943425	-78.526314	76.4 mi	1 hour 17 mins	76.575486616	79.5096712615	76.485	83.9833333333
66844	36.487323	-76.136070	36.166980	-78.156623	137 mi	2 hours 38 mins	161.590481129	164.210933251	161.571	182.383333333
66845	35.488604	-76.481223	35.508406	-76.002495	32.8 mi	38 mins	33.2843869119	39.1052832868	32.867	45.3166666667
66846	36.122007	-80.350536	35.865519	-80.540947	26.0 mi	34 mins	25.9589582984	34.6773638777	27.806	39.65
66847	35.976616	-80.265239	36.034471	-80.620604	30.2 mi	35 mins	30.1588417254	35.2246826963	36.925	42.9333333333
66848	36.336492	-77.290686	35.727412	-77.752031	59.1 mi	1 hour 14 mins	58.4601168446	71.6366370767	59.599	88.2666666667
66849	36.453093	-81.300330	34.950038	-79.811252	178 mi	3 hours 3 mins	185.837241237	186.991633543	180.838	199.333333333
66850	35.917329	-75.678618	35.224204	-83.365306	499 mi	7 hours 36 mins	503.075409169	474.239957914	496.12	492.333333333
66851	36.438899	-81.461848	35.095071	-83.202120	175 mi	3 hours 50 mins	224.597516922	261.696403014	174.868	232.083333333
66852	35.816040	-77.702667	36.467988	-79.687509	157 mi	2 hours 45 mins	179.426311653	176.321670728	159.777	186.016666667
66853	36.518828	-77.388679	35.108459	-75.984695	222 mi	5 hours 8 mins	218.693379115	279.638744052	219.641	307.816666667
66854	35.087848	-78.762706	35.671037	-78.363071	57.6 mi	59 mins	60.6362765185	62.2041234697	58.084	68.6833333333
66855	35.023626	-77.470156	35.343204	-79.394800	137 mi	2 hours 26 mins	156.860657326	159.767586698	142.538	170.316666667
66856	35.890662	-80.519481	35.114612	-78.564923	139 mi	2 hours 44 mins	181.895131267	179.440325588	150.207	189.85
66857	35.810322	-81.318301	35.511227	-81.614677	34.9 mi	49 mins	34.8826255271	48.8968592045	34.992	59.7
66858	35.831092	-76.975678	36.082169	-79.073942	143 mi	2 hours 11 mins	142.626608572	134.486507229	140.212	140.783333333
66859	35.786922	-77.106083	35.635150	-77.933410	58.7 mi	59 mins	61.0068427975	60.9142938509	74.431	82.45
66860	35.811808	-79.016416	34.810425	-77.343884	146 mi	2 hours 23 mins	150.91973628	158.597899904	153.378	164.516666667
66861	35.836194	-78.640048	35.194151	-78.858778	68.7 mi	1 hour 5 mins	68.1884221011	63.126264716	68.645	71.4666666667
66862	36.117145	-78.903228	35.890625	-79.078649	23.6 mi	34 mins	24.078534843	34.3928610409	23.598	34.85
66863	35.090740	-83.705158	35.536736	-82.938467	78.6 mi	1 hour 33 mins	78.5307690663	91.6994287312	78.777	105.083333333
66864	36.543194	-76.372144	36.185324	-76.556327	38.0 mi	41 mins	37.9392683264	39.7719885377	38.061	52.7833333333
66865	35.116255	-80.393030	35.593074	-79.694995	70.9 mi	1 hour 28 mins	75.9652470389	95.5140814264	74.893	106.816666667
66866	35.999169	-80.096729	36.499608	-80.634311	51.2 mi	53 mins	49.3299876557	54.6411523334	49.819	56.9666666667
66867	36.547626	-76.193815	36.242100	-76.220693	30.1 mi	40 mins	30.1065153912	42.0191139879	30.487	44.9
66868	36.338464	-77.560218	35.735081	-77.876586	69.6 mi	1 hour 17 mins	69.1334085969	80.8312351662	71.787	91.5333333333
66869	35.858650	-77.039997	36.517981	-77.240604	61.6 mi	1 hour 16 mins	59.7684769558	77.6325617714	60.442	91.3333333333
66870	35.100141	-77.078219	34.809099	-77.464717	37.7 mi	48 mins	37.8110154153	48.7516037521	38.496	53.8166666667
66871	36.056187	-78.528115	35.475840	-78.151045	51.2 mi	1 hour 8 mins	54.6553702168	72.0542089109	63.654	75.4666666667
66872	34.610629	-78.956919	34.785957	-79.468361	40.3 mi	40 mins	40.4361555951	42.9048078433	39.195	45.4
66873	35.543792	-80.924078	35.490124	-80.706950	19.4 mi	29 mins	21.1805361219	29.9327446098	21.271	36.6166666667
66874	35.564871	-82.670305	36.063283	-81.983509	71.9 mi	1 hour 27 mins	71.7081448769	91.2120686599	73.889	100.983333333
66875	35.402834	-81.943655	35.298332	-82.486059	42.9 mi	52 mins	39.7985966363	54.527970255	44.641	56.9666666667
66876	35.693706	-77.066450	36.247451	-76.794748	53.6 mi	1 hour 1 min	53.5154701753	60.5243814729	53.66	71.3166666667
66877	36.414229	-80.965027	36.284340	-80.658519	30.3 mi	47 mins	34.2738276139	50.438551465	34.493	62.6166666667
66878	35.627592	-82.684328	35.599966	-82.168057	34.8 mi	40 mins	34.849065865	40.3716440368	34.83	44.9833333333
66879	35.094223	-84.033961	35.120192	-83.393746	51.6 mi	1 hour 0 mins	51.2604242103	59.9695884091	51.445	64.1
66880	35.037076	-83.793906	36.287550	-76.979761	467 mi	7 hours 14 mins	473.844759563	458.223329103	459.478	476.183333333
66881	35.243343	-80.979032	35.177660	-83.156475	155 mi	3 hours 1 min	165.493804027	195.999489053	151.317	191.033333333
66882	35.929992	-82.074967	35.259806	-81.793532	62.0 mi	1 hour 22 mins	59.9331087541	82.5459385971	60.376	87.9333333333
66883	36.259965	-81.408917	35.953181	-80.690478	60.0 mi	1 hour 25 mins	56.4977961592	77.949955898	65.789	100.333333333
66884	35.400745	-78.740015	36.417186	-76.825152	158 mi	2 hours 35 mins	160.854305615	162.546693907	166.069	175.066666667
66885	36.492016	-76.048269	35.627579	-78.058608	152 mi	2 hours 44 mins	166.944431551	169.070469896	162.494	180.85
66886	36.363483	-81.527316	35.676817	-82.087060	74.2 mi	1 hour 37 mins	76.4180316205	102.762746999	74.429	98.0666666667
66887	35.855267	-78.012718	36.262482	-78.413514	45.1 mi	56 mins	53.2395211864	62.2211157209	51.417	74.0333333333
66888	36.016308	-82.107988	35.347449	-81.718979	72.3 mi	1 hour 37 mins	73.0902165888	104.067665952	72.51	111.083333333
66889	36.178974	-78.803098	35.655824	-78.110088	73.1 mi	1 hour 17 mins	73.7940617239	82.5281396163	65.865	96.3333333333
66890	35.302761	-79.077137	34.615028	-79.417687	70.2 mi	1 hour 21 mins	70.0092802725	79.1592807422	72.64	94.8
66891	35.906470	-77.543356	35.503128	-77.380460	36.8 mi	45 mins	34.0824573253	47.5026098819	37.605	49.65
66892	36.503405	-81.390535	35.296609	-83.099524	177 mi	3 hours 35 mins	210.269516452	240.05273183	177.331	224.05
66893	35.989894	-79.468899	36.347767	-77.290580	148 mi	2 hours 38 mins	171.047230312	164.145375329	149.974	179.966666667
66894	36.292434	-80.313057	35.388492	-82.066114	140 mi	2 hours 28 mins	140.615995426	150.78124857	140.128	158.933333333
66895	34.862756	-80.120362	36.449081	-80.978891	159 mi	2 hours 53 mins	149.186324183	175.284841537	155.276	177.883333333
66896	35.881911	-80.135061	36.179924	-80.823289	55.3 mi	58 mins	55.1504338254	59.8936325034	55.189	63.5666666667
66897	35.953903	-82.644238	35.466664	-80.814184	157 mi	3 hours 1 min	164.349165386	183.506384011	160.366	195.216666667
66898	36.033660	-80.477854	35.815988	-80.923654	35.2 mi	35 mins	35.1425093933	35.1954552475	35.229	38.6
66899	34.959747	-79.940442	35.480556	-81.982313	144 mi	2 hours 38 mins	170.849620212	177.087095254	139.04	159.25
66900	34.991981	-83.834608	35.857558	-76.216323	507 mi	7 hours 46 mins	511.845861221	482.012024609	496.5919	507.7
66901	34.714057	-78.231997	35.834103	-76.403745	163 mi	3 hours 1 min	201.695933148	199.925775383	171.18	209.05
66902	36.320030	-75.903668	35.166091	-83.435758	506 mi	7 hours 47 mins	522.804852456	503.515428804	503.735	506.016666667
66903	36.041234	-77.747138	35.719818	-77.341437	41.6 mi	43 mins	42.2999125348	45.0029267726	42.701	48.25
66904	35.145643	-76.814366	36.533328	-78.052229	150 mi	2 hours 40 mins	154.384934453	168.79843652	157.304	205.133333333
66905	36.040860	-79.054899	35.048917	-77.315104	142 mi	2 hours 26 mins	141.303933958	148.017049583	151.2	183.7
66906	35.806588	-81.306562	35.531351	-80.966384	32.3 mi	48 mins	33.2680341664	51.3529315334	37.909	57.9333333333
66907	34.375959	-78.710836	36.038158	-77.983252	150 mi	2 hours 22 mins	150.841398987	147.020844153	155.717	171.783333333
66908	35.432569	-76.480868	35.399548	-83.292856	455 mi	7 hours 10 mins	464.218638344	440.422609694	454.135	468.5
66909	36.412074	-79.347588	35.287378	-77.656271	149 mi	2 hours 32 mins	147.359274833	155.924104403	147.417	168.3
66910	35.849338	-80.299667	35.555074	-80.904486	50.4 mi	59 mins	58.1509962602	63.7706303226	50.199	60.7666666667
66911	35.793536	-79.312930	36.467988	-79.687509	75.2 mi	1 hour 20 mins	72.0396367351	85.9559942129	76.297	98.7166666667
66912	35.675285	-81.329676	35.245896	-80.897731	49.4 mi	46 mins	49.3489359472	47.7391808281	49.411	49.9166666667
66913	36.481708	-81.603711	35.451932	-79.828244	163 mi	2 hours 54 mins	167.590477891	186.016686132	167.475	189.383333333
66914	36.360931	-78.526322	36.324690	-78.141135	27.5 mi	40 mins	29.0105674711	47.972058395	36.317	58.8
66915	36.372398	-76.895225	34.349562	-77.713735	171 mi	3 hours 12 mins	183.116184286	207.774702473	171.752	210.483333333
66916	35.319645	-77.508509	34.605488	-79.272078	139 mi	2 hours 24 mins	150.736214558	149.423916469	147.309	171.083333333
66917	34.968033	-76.933179	35.811071	-77.065359	67.5 mi	1 hour 13 mins	67.307477314	74.1491831319	67.595	82.2666666667
66918	35.472537	-76.068153	35.133418	-83.149420	494 mi	7 hours 57 mins	504.909582525	495.852043347	480.482	518.366666667
66919	36.089429	-76.382218	36.260283	-76.326216	20.0 mi	26 mins	19.8138556603	33.9565799634	20.047	43.4333333333
66920	34.522543	-78.294097	36.415362	-79.347313	174 mi	2 hours 58 mins	170.459846009	176.807177403	171.868	202.433333333
66921	35.037653	-77.011463	35.594495	-77.698113	66.6 mi	1 hour 11 mins	66.5509042732	73.2102032005	66.729	84.45
66922	35.466115	-83.020999	35.255322	-82.697319	54.7 mi	59 mins	54.427631135	59.5415841984	54.816	61.8333333333
66923	36.501221	-81.090133	35.483959	-79.126403	158 mi	2 hours 37 mins	157.815482346	159.553445895	158.29	172.7
66924	35.885637	-81.157259	36.329983	-79.130459	139 mi	2 hours 19 mins	139.870956068	146.845765569	140.015	165.866666667
66925	36.172941	-78.255945	35.247782	-79.957837	138 mi	2 hours 35 mins	135.583402053	162.359514979	137.574	171.85
66926	35.790046	-80.376862	35.404061	-80.164450	37.5 mi	48 mins	38.8943844903	54.7521595082	40.117	60.0666666667
66927	35.779108	-78.232053	35.951843	-76.127344	139 mi	2 hours 15 mins	140.75452351	138.894532834	141.91	149.533333333
66928	36.113984	-79.654542	35.954835	-79.078448	43.8 mi	46 mins	43.9157934693	45.6290545867	43.887	52.4333333333
66929	34.554375	-77.933147	36.260965	-78.962196	151 mi	2 hours 22 mins	150.64099612	145.241089271	151.001	156.5
66930	34.915532	-79.780612	34.692064	-79.518634	30.0 mi	33 mins	29.7604443263	32.8468704246	29.835	35.7666666667
66931	35.416711	-80.713574	35.344004	-82.542802	124 mi	2 hours 6 mins	137.438988341	137.404672411	124.043	133.016666667
66932	34.494832	-77.853943	36.217368	-76.711463	170 mi	3 hours 10 mins	218.573618846	210.101764898	186.017	221.25
66933	35.235190	-79.310380	34.534235	-77.407366	155 mi	2 hours 45 mins	149.80496323	186.739963211	152.765	193.0
66934	35.917476	-75.677616	35.391131	-77.532650	139 mi	2 hours 23 mins	143.484292552	162.440688302	137.724	168.433333333
66935	35.854498	-79.579630	36.152571	-79.061583	43.0 mi	50 mins	42.8123689523	49.0694106385	43.19	60.2666666667
66936	34.774294	-79.530924	36.477773	-80.639389	160 mi	2 hours 32 mins	164.951683107	162.962602088	156.515	166.45
66937	34.956648	-76.670096	35.625549	-76.576155	120 mi	2 hours 20 mins	119.831648521	141.166843613	120.331	170.583333333
66938	35.389176	-83.198611	35.313482	-83.545836	33.6 mi	43 mins	33.5757901922	42.3446576909	32.6	48.95
66939	35.910073	-81.402265	35.814998	-81.303395	10.5 mi	17 mins	16.8909834201	22.7062232474	12.792	24.3166666667
66940	34.440536	-78.854391	34.849132	-79.378030	49.5 mi	50 mins	48.6174820257	53.6181602206	55.013	71.05
66941	35.545252	-82.825509	36.330560	-80.902273	160 mi	2 hours 27 mins	159.954622417	150.88555185	160.191	156.766666667
66942	35.677899	-80.351820	35.450358	-80.205214	22.7 mi	30 mins	28.2646171124	40.0939179841	30.814	43.7666666667
66943	35.881265	-80.136387	36.163890	-79.433563	49.7 mi	56 mins	49.6029542211	56.3756078192	49.726	60.65
66944	36.245613	-78.262182	35.936831	-78.148265	28.2 mi	37 mins	30.9162870513	38.9390058817	30.728	46.6166666667
66945	35.475746	-82.576971	35.400113	-83.213136	48.2 mi	54 mins	48.2894066703	54.4804724898	48.701	59.1
66946	35.575230	-80.876590	35.534880	-80.522230	26.7 mi	38 mins	26.5915293627	37.2957707664	26.571	40.3666666667
66947	35.356725	-79.152208	34.711334	-77.239867	143 mi	2 hours 33 mins	136.718228826	175.799003613	139.562	176.7
66948	35.445905	-80.737284	35.195107	-80.282532	35.8 mi	52 mins	37.2712630633	55.1343446654	39.788	59.0333333333
66949	35.540959	-80.513136	35.489977	-80.741787	15.7 mi	23 mins	15.7546317158	24.5014129257	17.84	30.25
66950	36.139243	-78.514960	35.278469	-78.506755	71.0 mi	1 hour 16 mins	70.7684914056	79.422819336	71.085	86.7166666667
66951	36.066329	-81.979957	35.953615	-82.107182	20.1 mi	29 mins	19.9590336588	31.4376148745	22.588	34.3666666667
66952	35.911998	-77.594148	35.904064	-77.832604	19.8 mi	22 mins	18.2753678439	22.7630508575	21.742	25.7666666667
66953	36.278127	-80.975996	36.224691	-81.576314	50.4 mi	1 hour 0 mins	46.9826778144	65.0050692387	45.103	76.7333333333
66954	35.589554	-78.632444	36.413881	-78.908617	76.2 mi	1 hour 28 mins	76.5418490839	95.4534890941	79.345	97.5
66955	35.754440	-80.806038	35.541254	-80.904420	22.8 mi	27 mins	22.7516073674	27.1843864937	22.048	27.75
66956	36.174896	-80.199426	36.246316	-79.744087	34.3 mi	45 mins	33.2833175613	44.3509250113	33.324	50.5666666667
66957	35.610624	-76.861206	36.280052	-76.609523	65.9 mi	1 hour 14 mins	65.6617576689	73.9561923362	65.974	100.033333333
66958	35.008465	-83.825923	36.503719	-76.722266	474 mi	7 hours 42 mins	489.505588103	477.216365187	476.277	512.35
66959	35.877630	-77.659339	35.881747	-77.173331	34.1 mi	37 mins	33.3505013727	41.9803519677	33.312	49.4666666667
66960	34.966328	-79.682267	34.595757	-79.273966	45.1 mi	51 mins	44.9269778157	50.6554640327	50.253	61.5666666667
66961	35.472120	-80.371631	34.822613	-79.791378	74.7 mi	1 hour 29 mins	75.7752264114	90.0109364725	74.865	99.1333333333
66962	35.993235	-82.132949	35.249198	-82.274453	81.5 mi	1 hour 48 mins	90.8840460245	100.842450093	93.894	110.516666667
66963	35.903859	-81.297130	35.903329	-80.688999	42.1 mi	47 mins	42.0206397995	46.913451975	42.147	50.4833333333
66964	34.991754	-79.130556	35.599699	-78.541088	71.5 mi	1 hour 16 mins	73.8410731717	77.7243334832	71.378	86.6666666667
66965	36.345108	-75.952868	36.537130	-76.063207	34.8 mi	45 mins	34.8086063523	45.091767495	39.405	64.1333333333
66966	35.428724	-76.705891	35.705163	-76.606757	25.1 mi	43 mins	24.9988671465	37.4134647469	25.174	45.7333333333
66967	35.658543	-79.714421	35.390757	-79.751293	23.9 mi	31 mins	30.2135576281	35.4333166851	30.355	39.4833333333
66968	35.236020	-78.959884	36.032203	-79.005590	71.8 mi	1 hour 23 mins	79.1839828965	95.3958175615	72.258	99.8
66969	34.763927	-79.297422	34.576528	-79.189899	19.7 mi	24 mins	18.3534396213	26.6352399231	20.113	30.35
66970	35.359139	-83.198241	35.933130	-76.249641	446 mi	6 hours 42 mins	450.618228667	417.365022248	435.39	436.133333333
66971	35.458743	-76.794779	35.835606	-77.168311	43.8 mi	50 mins	43.7025669275	50.7731653826	44.648	57.0333333333
66972	36.384782	-81.489166	36.405660	-80.731230	79.3 mi	1 hour 21 mins	74.3085676043	80.7197165254	79.422	86.1333333333
66973	35.530333	-78.553237	35.312433	-77.821389	48.8 mi	59 mins	61.0143293643	65.643046647	51.687	69.1666666667
66974	35.622817	-79.711849	35.240746	-80.145030	47.6 mi	1 hour 0 mins	56.3015047428	69.5592490856	56.872	73.6666666667
66975	36.094388	-81.940665	35.484082	-82.498721	70.9 mi	1 hour 28 mins	79.9695201719	95.7642182869	71.089	94.2
66976	36.212339	-79.861930	36.296250	-80.482715	45.3 mi	57 mins	44.8125132368	60.4521715471	46.075	69.2
66977	35.655569	-79.836230	35.413562	-80.183916	37.6 mi	45 mins	36.9564383914	46.2939557196	38.913	53.2166666667
66978	35.679149	-78.328360	35.724526	-77.798646	39.1 mi	45 mins	38.8462429897	46.3944703652	37.014	62.3
66979	35.463157	-82.858396	35.911490	-82.380781	55.0 mi	1 hour 1 min	54.9048488424	61.3012345704	55.498	67.3
66980	36.267573	-79.267627	35.670071	-79.830307	69.1 mi	1 hour 12 mins	69.4482299762	74.4756063898	66.204	83.8333333333
66981	36.328275	-78.355522	36.454614	-78.405671	13.9 mi	22 mins	14.0733300672	26.7845578733	13.902	28.7
66982	35.810415	-81.508037	35.808980	-81.298430	17.3 mi	28 mins	20.9933543661	34.2229673802	19.313	41.8833333333
66983	35.769155	-81.301687	35.238123	-80.998178	51.3 mi	55 mins	51.1865930294	55.3036783828	54.242	59.0333333333
66984	36.056436	-80.153238	35.929507	-80.394944	26.2 mi	30 mins	26.2230742413	31.0090245304	26.038	37.65
66985	35.490420	-80.691592	35.408014	-81.133332	33.0 mi	47 mins	42.1171708556	53.4984423581	35.711	59.8833333333
66986	36.184752	-80.665695	36.561491	-81.076303	47.2 mi	1 hour 5 mins	46.3428491554	63.9394657599	47.265	72.8833333333
66987	35.225648	-81.379607	35.706925	-81.914724	54.7 mi	1 hour 12 mins	62.8636299335	75.2087363019	63.255	80.5
66988	35.305386	-83.175287	35.144284	-83.310122	19.8 mi	40 mins	31.2846411561	42.7678390801	28.202	42.9333333333
66989	35.267100	-77.772252	35.121356	-77.791958	14.9 mi	21 mins	14.9110584808	24.3881287852	17.331	31.2333333333
66990	35.333158	-80.903692	35.485273	-80.557650	29.6 mi	36 mins	33.1311717084	38.5333087826	33.188	40.5166666667
66991	34.798372	-78.821861	34.664605	-78.054504	58.9 mi	1 hour 11 mins	58.7562525362	66.7297189076	59.143	83.2333333333
66992	36.096296	-76.457192	35.036405	-83.750033	491 mi	7 hours 29 mins	495.23641963	468.706966542	488.4651	489.216666667
66993	34.938433	-79.967941	35.066845	-80.199584	18.3 mi	26 mins	18.2913923877	24.4317199702	18.484	30.6833333333
66994	35.809373	-79.092011	36.074575	-79.296080	30.4 mi	37 mins	30.3830184655	37.7667378331	30.401	39.6333333333
66995	35.499384	-80.504558	35.411123	-80.687605	16.4 mi	21 mins	16.4897611301	24.4751847079	16.41	27.0333333333
66996	36.452933	-79.451452	36.371907	-79.608143	12.5 mi	17 mins	12.3676220878	21.3025019262	12.508	21.1833333333
66997	36.011433	-81.388006	35.684441	-81.172065	41.8 mi	51 mins	41.7560021157	51.3721971908	41.855	56.0666666667
66998	35.885637	-81.157259	36.503405	-81.390535	59.5 mi	1 hour 20 mins	59.3456128899	82.4738715225	68.564	92.3
66999	36.055769	-76.788120	35.811071	-77.065359	28.7 mi	31 mins	28.6035969224	30.0612704816	28.691	32.45
67000	35.614355	-82.288249	35.295095	-81.597718	61.3 mi	1 hour 7 mins	62.4452427418	68.0482716458	62.57	72.7
67001	34.882807	-76.337595	35.456694	-83.082551	458 mi	7 hours 18 mins	460.655270213	451.691060057	480.036	492.166666667
67002	35.901222	-77.679390	35.713108	-77.019008	47.2 mi	51 mins	50.9033525382	57.6124567451	51.477	66.6
67003	35.307528	-76.765900	35.562913	-76.976829	35.5 mi	46 mins	36.5372857318	46.6539693975	38.175	62.0166666667
67004	35.599946	-78.551388	36.079544	-79.182415	61.6 mi	1 hour 1 min	61.515298399	62.8474885716	61.775	68.45
67005	36.533198	-80.572054	35.899720	-80.686098	59.5 mi	1 hour 6 mins	59.3169362172	65.8002727947	61.627	75.6666666667
67006	35.343535	-80.911908	35.536400	-80.667205	23.0 mi	36 mins	29.3083084594	38.5851484336	28.589	49.4333333333
67007	35.625683	-77.326042	35.180455	-76.968034	49.8 mi	59 mins	44.8465147034	60.1595270234	53.585	70.3333333333
67008	35.624324	-81.815071	35.210461	-81.230800	57.8 mi	1 hour 11 mins	72.2057711341	75.7613796105	70.925	82.3166666667
67009	36.180137	-76.707766	35.270063	-83.731534	482 mi	7 hours 24 mins	486.137643522	462.256861501	479.205	478.983333333
67010	34.927313	-79.768048	34.912901	-79.820453	5.2 mi	10 mins	4.65783071139	7.55808894682	4.664	11.7333333333
67011	36.280851	-75.893152	35.508406	-76.002495	84.5 mi	1 hour 33 mins	86.5399568967	100.489337604	86.292	107.633333333
67012	36.008570	-77.611649	36.428704	-76.851319	60.7 mi	1 hour 12 mins	59.6926385278	72.2268881619	63.653	85.6333333333
67013	35.853206	-77.691228	36.409804	-78.271497	65.2 mi	1 hour 18 mins	72.4789564566	85.0487240883	64.789	95.8666666667
67014	36.292093	-76.566074	35.446437	-83.465146	443 mi	7 hours 11 mins	477.617735109	446.493301935	468.258	467.866666667
67015	36.185120	-81.591371	36.210248	-81.604745	3.7 mi	8 mins	3.51727357653	8.54354202013	3.667	13.6166666667
67016	35.233960	-78.966510	35.712933	-78.293271	71.4 mi	1 hour 13 mins	72.280968019	85.022365158	71.851	98.95
67017	35.066014	-78.685974	34.645045	-78.930131	45.2 mi	46 mins	45.1600610161	51.1988729144	45.204	58.9
67018	36.494319	-77.851938	36.264672	-77.980405	23.6 mi	31 mins	23.4584003281	33.2411401498	23.676	43.5
67019	35.942845	-78.395400	35.505291	-79.052851	57.8 mi	1 hour 8 mins	58.625425288	72.0406532315	70.938	80.9
67020	35.560095	-78.754530	35.028273	-79.157753	51.9 mi	1 hour 8 mins	55.7843049207	74.9460382626	55.935	78.05
67021	36.123312	-81.114241	36.315264	-80.266073	63.1 mi	1 hour 14 mins	69.1244596325	77.1300519742	68.827	82.6333333333
67022	36.524902	-76.180928	34.996475	-83.748705	501 mi	8 hours 16 mins	528.49606218	511.275342094	525.4891	537.816666667
67023	36.111180	-76.272887	35.434919	-83.455074	473 mi	7 hours 17 mins	476.776648625	451.70482953	469.923	474.766666667
67024	35.312582	-79.034399	36.049997	-79.082592	78.0 mi	1 hour 14 mins	77.8306009972	80.6344154113	63.256	87.4833333333
67025	35.793386	-82.668572	35.461406	-83.383596	80.9 mi	1 hour 28 mins	78.9862888785	85.1951968068	72.856	90.7
67026	35.347422	-81.239518	35.318945	-80.902430	28.2 mi	32 mins	28.2090209911	32.8884733707	28.27	33.6
67027	35.889950	-77.921444	35.101782	-77.560898	75.0 mi	1 hour 27 mins	82.4472709209	86.1320779714	77.5	105.433333333
67028	35.350224	-78.706955	35.284632	-78.640422	6.9 mi	10 mins	7.21141134006	11.0103338432	6.878	15.25
67029	35.194043	-82.167941	35.264684	-81.746415	35.5 mi	34 mins	38.1661345721	40.0759269266	36.187	37.9833333333
67030	34.996521	-83.882193	35.344570	-83.751969	48.0 mi	1 hour 3 mins	48.1035165892	60.9619875868	48.239	72.0166666667
67031	35.871612	-76.384564	35.921818	-76.637867	17.0 mi	22 mins	17.1572922961	19.7227817327	17.177	21.5333333333
67032	35.445967	-83.365701	35.971782	-76.074406	470 mi	7 hours 15 mins	474.228316044	449.913723543	458.791	478.166666667
67033	35.439881	-80.761230	35.291766	-81.490394	55.4 mi	59 mins	57.7610729439	60.5647112626	56.829	61.8
67034	35.920327	-76.310577	35.719825	-76.110681	24.1 mi	40 mins	24.0158140154	35.2222386243	24.081	47.8166666667
67035	34.667303	-78.722039	35.039648	-78.597251	45.9 mi	50 mins	45.0718089904	53.3676025694	46.104	63.2833333333
67036	36.173046	-80.348505	35.740055	-80.934342	56.1 mi	59 mins	58.4759745084	61.8440230453	53.33	64.9166666667
67037	35.396283	-79.235942	34.539715	-79.295333	70.8 mi	1 hour 18 mins	70.6133693507	78.1896897244	71.739	92.5333333333
67038	35.433893	-79.162216	35.959075	-79.084144	45.1 mi	58 mins	44.7536529233	61.6250046426	44.295	65.0833333333
67039	36.400449	-79.327873	36.532892	-79.113728	19.2 mi	26 mins	21.1752180674	27.7361395724	21.168	35.2
67040	34.906484	-79.817121	35.448672	-79.534010	52.3 mi	57 mins	52.3050049811	58.997575702	52.427	67.9166666667
67041	35.478238	-80.216909	35.976730	-80.704526	54.4 mi	1 hour 13 mins	52.2665704099	82.6010345316	56.336	91.9833333333
67042	35.712967	-81.630759	35.809045	-80.924443	45.6 mi	45 mins	45.5997412108	45.5175364895	47.691	50.4
67043	35.285804	-82.067697	35.144712	-82.779677	61.0 mi	1 hour 14 mins	64.122360927	77.8109711223	58.289	80.7833333333
67044	36.136992	-78.734783	36.248088	-78.542883	21.0 mi	21 mins	19.6088223296	24.9562101848	21.1	27.5333333333
67045	36.050574	-76.568815	35.190656	-83.316154	454 mi	6 hours 55 mins	457.989173803	432.007478143	451.7271	448.116666667
67046	33.964420	-78.510572	34.356008	-78.657156	33.7 mi	38 mins	38.3182830981	45.2167975193	37.938	58.8333333333
